6/23/2008 16:03:52	2	72.366	-23.273	61.432	36.902
6/23/2008 16:11:23	2	72.369	-23.267	81.954	-72.89
6/23/2008 16:37:35	2	72.369	-23.289	60.816	46.007
6/23/2008 17:00:14	3	72.373	-23.296	76.6	-45.032
6/23/2008 17:43:30	1	72.363	-23.307	55.933	76.415
6/23/2008 17:50:32	1	72.375	-23.315	74.765	-36.012
6/23/2008 18:18:42	0	72.374	-23.307	56.007	85.151
6/23/2008 18:40:51	2	72.369	-23.308	69.686	-8.791
6/23/2008 19:33:45	0	72.368	-23.41	68.173	0.567
6/23/2008 20:21:33	2	72.37	-23.309	63.249	28.743
6/23/2008 21:11:55	2	72.377	-23.346	61.935	38.925
6/23/2008 22:01:15	1	72.368	-23.287	57.775	68.012
6/23/2008 22:47:04	0	72.369	-23.258	60.262	-94.148
6/23/2008 22:52:36	1	72.363	-23.264	56.664	78.264
6/24/2008 0:30:23	2	72.368	-23.263	66.195	-56.744
6/24/2008 1:10:10	0	72.374	-23.257	57.551	-117.277
6/24/2008 2:20:39	0	72.372	-23.271	60.84	-87.716
6/24/2008 2:50:53	2	72.371	-23.271	62.919	-78.662
6/24/2008 3:54:20	2	72.375	-23.281	80.202	14.725
6/24/2008 4:03:25	1	72.375	-23.274	67.127	-50.648
6/24/2008 4:31:07	1	72.377	-23.266	69.276	-40.674
6/24/2008 5:34:33	3	72.376	-23.309	87.574	36.322
6/24/2008 5:44:07	0	72.368	-23.367	56.807	-123.889
6/24/2008 6:13:21	2	72.374	-23.313	75.951	-4.327
6/24/2008 6:35:59	1	72.368	-23.342	60.173	-95.812
6/24/2008 7:15:47	2	72.372	-23.318	84.739	-79.337
6/24/2008 7:26:22	1	72.367	-23.317	61.801	-85.63
6/24/2008 7:26:52	2	72.367	-23.323	81.343	17.277
6/24/2008 7:54:34	3	72.373	-23.313	83.018	31.156
6/24/2008 8:15:43	0	72.375	-23.326	66.306	-57.627
6/24/2008 8:56:01	2	72.37	-23.28	77.353	-48.115
6/24/2008 9:06:04	2	72.376	-23.277	68.158	-47.063
6/24/2008 9:07:04	2	72.374	-23.291	88.317	6.06
6/24/2008 9:33:45	2	72.371	-23.276	89.604	-84.435
6/24/2008 10:38:44	0	72.381	-23.261	70.404	-12.687
6/24/2008 10:47:17	1	72.384	-23.237	74.812	-10.254
6/24/2008 10:47:46	2	72.382	-23.25	83.216	-70.224
6/24/2008 11:12:58	3	72.383	-23.236	82.351	-74.233
6/24/2008 11:40:10	2	72.387	-23.22	79.789	14.028
6/24/2008 12:19:26	2	72.392	-23.236	63.667	25.131
6/24/2008 12:28:01	3	72.389	-23.195	81.84	25.548
6/24/2008 12:28:30	2	72.389	-23.196	75.829	-39.796
6/24/2008 12:52:40	2	72.389	-23.158	75.207	-38.302
6/24/2008 13:19:51	2	72.392	-23.18	87.085	40.496
6/24/2008 14:00:37	1	72.401	-23.17	57.799	63.795
6/24/2008 14:06:40	3	72.395	-23.166	89.199	54.503
6/24/2008 14:09:42	1	72.401	-23.198	68.839	-4.733
6/24/2008 14:34:53	1	72.404	-23.209	68.625	-1.824
6/24/2008 14:59:33	3	72.401	-23.158	85.398	-84.05
6/24/2008 15:46:53	2	72.407	-23.156	83.545	-80.041
6/24/2008 15:50:55	1	72.415	-23.225	62.196	32.66
6/24/2008 16:14:05	1	72.408	-23.153	62.274	36.538
6/24/2008 16:38:45	2	72.41	-23.16	78.127	-52.239
6/24/2008 17:27:36	2	72.41	-23.171	76.437	-44.456
6/24/2008 17:32:38	0	72.411	-23.188	56.399	71.348
6/24/2008 17:54:46	1	72.41	-23.17	57.001	75.622
6/24/2008 18:19:57	1	72.411	-23.191	71.091	-16.231
6/24/2008 19:08:48	1	72.416	-23.252	69.701	-8.003
6/24/2008 20:01:39	1	72.407	-23.189	64.657	20.629
6/24/2008 20:47:00	2	72.401	-23.172	63.363	30.483
6/24/2008 21:41:22	2	72.405	-23.16	58.733	59.482
6/24/2008 22:28:42	2	72.407	-23.131	57.778	69.387
6/24/2008 22:37:15	0	72.392	-23.237	59.6	-98.38
6/25/2008 0:19:35	2	72.4	-23.091	65.492	-60.751
6/25/2008 0:45:16	B	72.391	-23.05	56.177	-127.734
6/25/2008 2:07:53	0	72.416	-23.149	60.221	-92.208
6/25/2008 2:26:01	1	72.409	-22.992	61.632	-87.719
6/25/2008 3:44:05	2	72.417	-23.004	79.356	10.76
6/25/2008 3:50:39	0	72.422	-22.97	66.366	-54.95
6/25/2008 4:06:44	0	72.418	-23.029	67.728	-49.782
6/25/2008 5:19:15	B	72.411	-22.991	55.425	-134.087
6/25/2008 5:24:48	2	72.426	-23.018	86.689	36.436
6/25/2008 5:32:21	0	72.424	-23.032	73.23	-19.094
6/25/2008 5:47:59	0	72.418	-23.042	74.363	-12.543
6/25/2008 6:14:38	1	72.427	-22.984	59	-104.008
6/25/2008 7:00:57	0	72.425	-23.021	60.766	-93.884
6/25/2008 7:04:30	2	72.431	-23.024	85.532	-79.961
6/25/2008 7:14:33	2	72.429	-23.025	80.404	13.321
6/25/2008 7:29:40	2	72.428	-23.025	81.291	22.43
6/25/2008 7:57:22	2	72.431	-23.026	64.737	-66.331
6/25/2008 8:43:10	2	72.429	-23.026	66.567	-56.297
6/25/2008 8:45:41	1	72.431	-23.034	78.192	-51.447
6/25/2008 8:55:15	2	72.423	-23.017	87.626	21
6/25/2008 9:09:21	2	72.422	-23.014	88.543	51.104
6/25/2008 10:24:23	0	72.427	-23	73.098	-19.446
6/25/2008 10:26:24	1	72.435	-23.034	71.015	-15.739
6/25/2008 10:34:59	1	72.426	-22.982	84.088	-71.979
6/25/2008 10:50:05	2	72.426	-22.971	84.216	-82.514
6/25/2008 11:18:47	1	72.429	-22.973	78.291	6.814
6/25/2008 12:03:36	2	72.433	-22.951	80.234	17.769
6/25/2008 12:08:39	1	72.441	-22.969	64.5	20.879
6/25/2008 12:15:41	2	72.436	-22.956	76.688	-43.302
6/25/2008 12:29:18	2	72.437	-22.943	76.976	-46.888
6/25/2008 12:59:31	2	72.436	-22.932	85.497	37.877
6/25/2008 13:44:50	2	72.44	-22.943	87.34	49.523
6/25/2008 13:49:52	1	72.443	-22.947	58.451	59.782
6/25/2008 13:59:56	0	72.449	-22.988	69.756	-9.073
6/25/2008 14:11:30	0	72.447	-22.949	70.286	-10.819
6/25/2008 14:38:43	3	72.449	-22.939	86.972	-85.989
6/25/2008 15:24:02	2	72.453	-22.929	85.295	-87.336
6/25/2008 15:31:36	B	72.463	-22.938	54.078	99.317
6/25/2008 15:38:39	1	72.454	-22.93	63.05	28.158
6/25/2008 15:49:43	2	72.457	-22.942	63.758	27.569
6/25/2008 16:16:56	2	72.465	-22.944	79.657	-60.109
6/25/2008 17:04:45	3	72.47	-22.968	78.168	-52.768
6/25/2008 17:19:51	1	72.468	-22.987	57.142	67.02
6/25/2008 17:29:55	1	72.462	-22.975	58.174	66.506
6/25/2008 18:44:56	1	72.476	-23.027	71.223	-16.135
6/25/2008 19:03:02	0	72.467	-23.041	52.887	105.947
6/25/2008 19:14:06	B	72.47	-23.071	54.044	105.628
6/25/2008 19:37:45	2	72.473	-23.051	66.015	13.544
6/25/2008 20:25:06	2	72.475	-23.069	64.843	21.227
6/25/2008 21:20:59	2	72.474	-23.109	59.879	51.426
6/25/2008 22:06:16	1	72.471	-23.09	59	59.948
6/25/2008 22:25:54	1	72.469	-23.022	59.082	-102.469
6/25/2008 23:01:38	1	72.454	-23.089	55.192	90.729
6/25/2008 23:45:58	A	72.385	-23.011	54.963	99.837
6/26/2008 0:09:10	2	72.458	-23.09	64.882	-64.726
6/26/2008 0:20:15	B	72.444	-23.111	55.074	-137.07
6/26/2008 1:48:53	0	72.445	-23.153	71.667	-27.262
6/26/2008 1:56:27	1	72.456	-23.06	59.45	-96.961
6/26/2008 2:02:29	0	72.458	-23.12	60.341	-96.964
6/26/2008 3:32:07	2	72.467	-23.059	78.701	7.492
6/26/2008 3:39:40	2	72.467	-23.058	65.486	-59.851
6/26/2008 3:44:12	2	72.465	-23.067	66.075	-59.371
6/26/2008 4:55:43	A	72.478	-23.085	55.076	-141.826
6/26/2008 5:12:21	2	72.474	-23.083	86.134	35.509
6/26/2008 5:54:39	1	72.476	-23.114	57.91	-112.412
6/26/2008 6:37:27	0	72.485	-23.051	59.6	-102.846
6/26/2008 6:54:03	3	72.483	-23.112	86.251	-80.816
6/26/2008 7:02:38	2	72.483	-23.11	79.602	9.081
6/26/2008 7:05:10	2	72.483	-23.115	79.669	14.226
6/26/2008 7:35:51	3	72.486	-23.115	63.409	-73.984
6/26/2008 8:19:39	2	72.486	-23.14	65.271	-64.819
6/26/2008 8:35:16	2	72.481	-23.145	78.982	-54.742
6/26/2008 8:43:20	3	72.489	-23.129	86.832	25.305
6/26/2008 8:46:20	2	72.492	-23.137	86.798	46.841
6/26/2008 9:16:03	1	72.488	-23.16	70.028	-36.455
6/26/2008 9:58:52	0	72.546	-22.762	71.706	-27.439
6/26/2008 10:15:59	0	72.492	-23.143	71.794	-19.545
6/26/2008 10:23:02	2	72.501	-23.142	84.892	-73.369
6/26/2008 10:25:03	3	72.497	-23.149	85.804	-88.446
6/26/2008 10:57:47	1	72.495	-23.135	76.883	-0.641
6/26/2008 11:41:05	3	72.497	-23.126	78.583	8.748
6/26/2008 11:58:42	A	72.498	-23.158	64.653	18.476
6/26/2008 12:04:14	1	72.497	-23.11	77.624	-47.172
6/26/2008 12:04:45	2	72.497	-23.115	78.661	-55.417
6/26/2008 12:38:29	2	72.504	-23.112	84.063	32.553
6/26/2008 13:22:19	2	72.506	-23.098	85.667	42.063
6/26/2008 13:39:26	1	72.507	-23.094	59.085	55.775
6/26/2008 13:44:57	2	72.51	-23.141	70.215	-12.12
6/26/2008 13:46:59	0	72.518	-23.166	71.801	-19.199
6/26/2008 14:18:42	3	72.509	-23.084	88.437	-81.654
6/26/2008 15:01:30	2	72.521	-23.081	86.984	-92.725
6/26/2008 15:19:38	B	72.506	-23.057	54.437	95.418
6/26/2008 15:25:41	2	72.521	-23.09	65.234	18.555
6/26/2008 15:28:11	1	72.524	-23.131	63.888	23.648
6/26/2008 15:56:53	3	72.522	-23.087	81.126	-66.17
6/26/2008 16:41:42	3	72.534	-23.089	79.796	-60.796
6/26/2008 17:05:53	2	72.536	-23.113	59.499	57.282
6/26/2008 17:08:23	1	72.528	-23.097	57.742	62.406
6/26/2008 17:38:35	1	72.54	-23.109	74.062	-30.931
6/26/2008 18:47:04	0	72.568	-23.182	55.245	96.634
6/26/2008 18:49:04	A	72.599	-23.119	53.825	102.085
6/26/2008 19:19:45	2	72.546	-23.139	67.385	5.382
6/26/2008 20:01:02	2	72.549	-23.156	66.122	13.108
6/26/2008 21:00:28	1	72.55	-23.158	61.184	43.305
6/26/2008 21:41:45	2	72.546	-23.161	60.273	51.549
6/26/2008 22:15:28	0	72.549	-23.112	58.621	-106.547
6/26/2008 22:41:08	1	72.557	-23.189	56.055	82.504
6/26/2008 23:59:43	2	72.551	-23.187	64.294	-69.039
6/27/2008 1:38:28	0	72.533	-23.29		
6/27/2008 1:38:28	1	72.548	-23.218		
6/27/2008 1:38:28	0	72.533	-23.29	71.076	-31.038
6/27/2008 1:38:28	1	72.548	-23.218	59.14	-106.315
6/27/2008 1:45:01	0	72.544	-23.166	58.786	-101.737
6/27/2008 3:19:38	1	72.547	-23.15	64.722	-68.246
6/27/2008 3:22:10	2	72.543	-23.17	78.026	4.104
6/27/2008 3:27:43	3	72.546	-23.153	64.776	-64.307
6/27/2008 5:00:52	2	72.542	-23.2	71.163	-30.707
6/27/2008 5:03:54	2	72.554	-23.148	85.216	32.2
6/27/2008 5:09:55	0	72.55	-23.167	71.493	-28.335
6/27/2008 5:34:05	0	72.551	-23.173	57.022	-120.703
6/27/2008 6:14:51	1	72.56	-23.136	58.361	-112.228
6/27/2008 6:42:02	2	72.562	-23.173	77.963	5.059
6/27/2008 6:44:03	2	72.56	-23.167	87.041	-79.469
6/27/2008 6:52:06	2	72.561	-23.166	78.738	5.791
6/27/2008 7:15:44	2	72.561	-23.187	62.302	-82.352
6/27/2008 7:56:01	1	72.564	-23.2	63.907	-73.742
6/27/2008 8:22:12	3	72.57	-23.206	85.115	38.453
6/27/2008 8:25:13	2	72.569	-23.212	79.746	-57.9
6/27/2008 8:32:16	3	72.569	-23.216	86.009	26.593
6/27/2008 8:54:25	0	72.57	-23.277	68.842	-43.918
6/27/2008 9:34:12	B	72.567	-23.667	68.845	-37.879
6/27/2008 10:00:54	2	72.574	-23.279	87.489	-92.408
6/27/2008 10:11:58	2	72.577	-23.281	85.705	-72.627
6/27/2008 10:36:09	2	72.572	-23.301	75.599	-7.705
6/27/2008 11:20:28	3	72.579	-23.315	76.98	0.39
6/27/2008 11:42:07	2	72.578	-23.345	80.373	-63.564
6/27/2008 11:47:09	2	72.575	-23.327	65.763	13.812
6/27/2008 11:52:42	3	72.581	-23.344	78.389	-50.365
6/27/2008 12:16:22	3	72.577	-23.366	82.782	26.389
6/27/2008 12:59:10	3	72.579	-23.387	84.089	34.434
6/27/2008 13:20:19	1	72.573	-23.368	73.286	-27.118
6/27/2008 13:28:52	1	72.576	-23.386	59.695	51.91
6/27/2008 13:34:24	1	72.578	-23.404	71.211	-16.636
6/27/2008 13:58:04	2	72.572	-23.403	89.302	-20.901
6/27/2008 14:37:52	3	72.572	-23.429	88.518	-93.794
6/27/2008 15:01:31	2	72.57	-23.44	66.661	10.002
6/27/2008 15:11:03	1	72.572	-23.436	54.746	91.284
6/27/2008 15:15:05	1	72.573	-23.438	64.44	19.94
6/27/2008 15:37:45	2	72.574	-23.451	82.608	-72.28
6/27/2008 16:18:33	2	72.57	-23.469	81.354	-68.553
6/27/2008 16:42:13	1	72.569	-23.475	60.687	48.121
6/27/2008 16:56:19	1	72.568	-23.488	58.342	58.126
6/27/2008 17:16:58	2	72.57	-23.498	75.401	-38.137
6/27/2008 17:56:45	1	72.569	-23.523	74.192	-32.084
6/27/2008 18:23:26	0	72.563	-23.532	55.86	87.147
6/27/2008 18:39:02	A	72.558	-23.556	53.723	97.24
6/27/2008 18:58:40	2	72.571	-23.567	68.63	-2.011
6/27/2008 19:38:56	2	72.571	-23.606	67.648	4.187
6/27/2008 20:39:51	1	72.571	-23.66	62.285	35.674
6/27/2008 21:19:08	2	72.57	-23.687	61.475	42.581
6/27/2008 22:04:25	A	72.554	-23.454	58.18	-110.332
6/27/2008 22:19:02	1	72.57	-23.734	57.041	75.172
6/27/2008 22:59:48	1	72.572	-23.78	56.453	81.859
6/27/2008 23:47:38	2	72.572	-23.816	63.781	-72.456
6/28/2008 1:14:50	1	72.565	-23.848	57.984	-115.569
6/28/2008 1:29:28	1	72.571	-23.863	70.375	-35.234
6/28/2008 1:33:29	0	72.569	-23.869	58.299	-106.067
6/28/2008 2:56:35	3	72.565	-23.901	63.407	-77.3
6/28/2008 3:12:12	3	72.567	-23.906	77.412	0.143
6/28/2008 3:16:13	2	72.562	-23.913	64.226	-68.489
6/28/2008 4:37:49	2	72.566	-23.952	69.558	-39.792
6/28/2008 4:52:56	3	72.567	-23.96	84.687	29.962
6/28/2008 4:56:56	1	72.562	-23.988	71.035	-31.657
6/28/2008 5:10:32	B	72.554	-24.026	55.709	-128.853
6/28/2008 5:50:21	0	72.569	-23.995	57.562	-120.327
6/28/2008 6:18:03	1	72.574	-24.022	76.518	-4.207
6/28/2008 6:33:38	2	72.576	-24.037	87.446	-78.317
6/28/2008 6:40:12	2	72.571	-24.046	78.141	2.174
6/28/2008 6:53:47	2	72.571	-24.055	61.311	-89.513
6/28/2008 7:34:05	2	72.574	-24.088	62.642	-82.748
6/28/2008 7:58:15	2	72.578	-24.102	83.599	30.764
6/28/2008 8:14:22	2	72.579	-24.125	80.225	-60.773
6/28/2008 8:19:54	2	72.578	-24.127	85.458	25.658
6/28/2008 8:35:31	2	72.581	-24.164	67.48	-51.931
6/28/2008 9:13:46	3	72.584	-24.162	68.913	-44.631
6/28/2008 9:37:27	2	72.581	-24.197	88.946	-85.468
6/28/2008 10:00:05	3	72.583	-24.221	86.268	-72.899
6/28/2008 10:15:13	1	72.585	-24.231	74.362	-14.994
6/28/2008 10:56:31	3	72.591	-24.25	75.64	-7.66
6/28/2008 11:18:11	2	72.585	-24.284	81.8	-71.342
6/28/2008 11:36:18	2	72.59	-24.288	66.019	10.657
6/28/2008 11:41:19	2	72.587	-24.312	79.065	-54.262
6/28/2008 11:56:56	3	72.59	-24.31	81.415	18.69
6/28/2008 12:36:43	3	72.593	-24.331	82.685	27.568
6/28/2008 12:57:21	1	72.592	-24.339	74.687	-35.559
6/28/2008 13:18:00	2	72.59	-24.355	60.006	48.641
6/28/2008 13:21:31	0	72.61	-24.422	71.738	-20.104
6/28/2008 13:36:38	3	72.598	-24.352	88.568	27.568
6/28/2008 14:16:23	2	72.597	-24.367	89.77	-0.462
6/28/2008 14:38:02	2	72.603	-24.376	67.995	1.331
6/28/2008 15:00:12	1	72.594	-24.319	55.08	87.738
6/28/2008 15:03:13	3	72.604	-24.397	65	15.956
6/28/2008 15:14:48	3	72.606	-24.399	83.711	-78.991
6/28/2008 15:55:05	3	72.613	-24.411	82.71	-75.296
6/28/2008 16:18:15	2	72.614	-24.439	61.907	39.392
6/28/2008 16:44:55	2	72.611	-24.449	58.778	53.93
6/28/2008 16:55:30	2	72.619	-24.448	76.604	-45.114
6/28/2008 17:34:47	2	72.623	-24.468	75.619	-40.424
6/28/2008 17:58:25	1	72.613	-24.483	56.879	78.671
6/28/2008 18:25:37	B	72.615	-24.504	54.14	93.045
6/28/2008 18:38:11	1	72.627	-24.501	69.828	-9.252
6/28/2008 19:14:57	2	72.627	-24.515	68.807	-3.427
6/28/2008 20:17:53	2	72.632	-24.565	63.288	28.706
6/28/2008 20:57:09	1	72.637	-24.58	62.832	33.707
6/28/2008 21:54:32	0	72.636	-24.726	57.901	-113.985
6/28/2008 21:59:34	2	72.646	-24.633	57.723	67.004
6/28/2008 22:37:19	2	72.651	-24.664	57.382	72.856
6/28/2008 23:37:43	2	72.658	-24.672	63.372	-76.336
6/28/2008 23:41:45	A	72.593	-24.332	53.798	105.849
6/29/2008 0:18:32	B	72.653	-24.669	53.841	112.409
6/29/2008 0:50:17	A	72.661	-24.747	57.188	-124.132
6/29/2008 1:17:29	0	72.677	-24.584	70.089	-38.45
6/29/2008 1:20:59	0	72.668	-24.741	57.942	-110.163
6/29/2008 2:30:59	1	72.672	-24.76	62.416	-85.632
6/29/2008 3:00:12	2	72.672	-24.762	77.009	-3.358
6/29/2008 3:04:43	2	72.671	-24.767	63.722	-72.913
6/29/2008 4:12:43	3	72.674	-24.771	68.462	-48.288
6/29/2008 4:42:25	2	72.675	-24.766	84.172	26.967
6/29/2008 4:45:27	1	72.678	-24.758	70.271	-36.327
6/29/2008 5:27:15	A	72.676	-24.742	56.74	-129.208
6/29/2008 5:50:56	0	72.659	-24.828	75.302	-10.464
6/29/2008 6:22:40	3	72.683	-24.769	87.895	-73.124
6/29/2008 6:26:41	2	72.684	-24.764	77.542	-1.906
6/29/2008 6:32:43	A	72.684	-24.774	60.368	-98.011
6/29/2008 7:10:28	3	72.683	-24.777	61.408	-91.474
6/29/2008 7:34:09	2	72.692	-24.776	82.132	22.777
6/29/2008 8:04:21	2	72.693	-24.774	80.816	-63.475
6/29/2008 8:07:53	2	72.694	-24.777	84.785	23.098
6/29/2008 8:14:55	2	72.693	-24.786	66.443	-59.533
6/29/2008 8:50:41	2	72.697	-24.794	67.655	-53.212
6/29/2008 9:13:50	3	72.7	-24.791	89.231	24.034
6/29/2008 9:43:33	1	72.69	-24.75	73.523	-29.055
6/29/2008 9:48:05	3	72.707	-24.801	86.832	-69.394
6/29/2008 10:32:56	2	72.713	-24.804	74.285	-16.184
6/29/2008 10:53:33	3	72.712	-24.823	83.309	-77.338
6/29/2008 11:27:17	1	72.714	-24.818	67.004	6.593
6/29/2008 11:29:17	3	72.714	-24.836	79.755	-56.994
6/29/2008 11:36:51	3	72.716	-24.842	80.067	11.758
6/29/2008 12:12:05	3	72.716	-24.843	81.252	18.873
6/29/2008 12:33:15	2	72.717	-24.854	76.208	-43.281
6/29/2008 13:07:57	2	72.721	-24.865	60.612	44.895
6/29/2008 13:16:01	3	72.721	-24.864	87.278	34.094
6/29/2008 13:51:16	3	72.721	-24.869	88.442	39.703
6/29/2008 14:13:55	2	72.723	-24.888	69.413	-7.032
6/29/2008 14:49:40	1	72.715	-24.853	55.512	84.014
6/29/2008 14:53:12	0	72.724	-24.862	65.91	11.576
6/29/2008 14:56:13	3	72.727	-24.869	85.205	-81.428
6/29/2008 15:31:58	3	72.725	-24.864	84.3	-81.697
6/29/2008 15:55:07	2	72.727	-24.871	63.276	30.411
6/29/2008 16:33:23	1	72.726	-24.871	59.581	49.454
6/29/2008 16:35:55	2	72.727	-24.859	77.988	-51.432
6/29/2008 17:11:08	3	72.731	-24.863	77.148	-48.141
6/29/2008 17:33:48	1	72.737	-24.868	58.022	69.819
6/29/2008 18:15:04	1	72.744	-24.881	54.617	88.498
6/29/2008 18:16:35	1	72.733	-24.854	71.052	-15.871
6/29/2008 18:53:51	0	72.741	-24.925	70.494	-12.297
6/29/2008 19:16:00	B	72.74	-24.883	54.1	108.533
6/29/2008 19:57:16	3	72.743	-24.895	64.557	21.212
6/29/2008 20:32:00	2	72.745	-24.909	64.03	25.898
6/29/2008 21:37:27	2	72.748	-24.932	58.876	59.75
6/29/2008 21:44:30	A	72.737	-25.083	57.489	-118.121
6/29/2008 22:13:11	1	72.741	-24.939	58.512	64.436
6/29/2008 23:19:07	0	72.749	-24.977	54.666	98.867
6/29/2008 23:27:42	3	72.75	-24.983	62.825	-80.471
6/29/2008 23:55:22	A	72.752	-25.001	54.538	103.487
6/30/2008 0:24:37	B	72.737	-24.978	55.784	-134.526
6/30/2008 1:07:25	2	72.756	-25.015	69.504	-42.369
6/30/2008 1:08:26	1	72.755	-25.012	57.554	-114.459
6/30/2008 2:06:51	1	72.756	-25.03	61.185	-94.739
6/30/2008 2:49:38	3	72.764	-25.031	76.385	-6.993
6/30/2008 2:51:38	3	72.761	-25.043	63.126	-77.059
6/30/2008 3:48:33	2	72.764	-25.05	67.035	-57.293
6/30/2008 4:31:49	0	72.768	-25.093	69.892	-39.922
6/30/2008 4:32:20	3	72.77	-25.062	83.474	23.245
6/30/2008 5:04:02	A	72.783	-25.128	55.916	-138.346
6/30/2008 6:12:02	2	72.77	-25.11	59.498	-104.999
6/30/2008 6:12:32	3	72.775	-25.087	88.382	-60.521
6/30/2008 6:15:04	1	72.774	-25.101	76.753	-6.586
6/30/2008 6:47:18	2	72.788	-25.112	60.324	-100.448
6/30/2008 7:09:57	2	72.79	-25.109	80.567	14.394
6/30/2008 7:52:45	1	72.782	-25.107	65.3	-66.979
6/30/2008 7:54:45	2	72.785	-25.134	81.563	-66.858
6/30/2008 7:56:17	2	72.783	-25.123	84.024	20.605
6/30/2008 8:27:30	3	72.792	-25.164	66.333	-61.967
6/30/2008 8:49:39	3	72.797	-25.152	87.725	39.522
6/30/2008 9:32:27	1	72.799	-25.158	74.245	-32.533
6/30/2008 9:34:27	1	72.805	-25.137	71.725	-30.711
6/30/2008 9:36:59	2	72.799	-25.166	87.445	-61.667
6/30/2008 10:29:52	1	72.815	-25.181	84.976	-83.951
6/30/2008 11:14:40	2	72.807	-25.209	78.784	4.663
6/30/2008 11:16:41	1	72.808	-25.233	67.563	3.24
6/30/2008 11:17:42	3	72.808	-25.204	80.535	-59.818
6/30/2008 11:48:54	2	72.809	-25.22	79.753	10.531
6/30/2008 12:09:03	2	72.811	-25.239	77.796	-51.198
6/30/2008 12:54:54	2	72.817	-25.237	85.938	32.004
6/30/2008 12:57:54	1	72.817	-25.272	61.325	40.892
6/30/2008 13:29:07	2	72.815	-25.249	86.842	39.469
6/30/2008 13:49:46	1	72.809	-25.136	70.971	-15.379
6/30/2008 14:35:35	2	72.821	-25.246	86.579	-84.028
6/30/2008 14:38:36	1	72.819	-25.237	56.008	80.505
6/30/2008 14:41:38	0	72.822	-25.28	66.631	7.613
6/30/2008 15:09:18	2	72.825	-25.242	85.879	-87.607
6/30/2008 15:30:58	2	72.822	-25.231	64.69	21.732
6/30/2008 16:13:47	3	72.826	-25.222	79.354	-58.34
6/30/2008 16:21:50	0	72.823	-25.182	60.333	45.067
6/30/2008 16:48:31	3	72.827	-25.21	78.69	-55.546
6/30/2008 17:10:39	1	72.833	-25.214	59.057	60.489
6/30/2008 17:55:57	0	72.83	-25.198	72.44	-23.167
6/30/2008 18:02:00	0	72.833	-25.195	55.293	84.551
6/30/2008 18:28:11	1	72.829	-25.165	71.807	-19.69
6/30/2008 18:53:20	0	72.834	-25.253	54.894	99.02
6/30/2008 19:36:09	3	72.838	-25.176	65.884	13.725
6/30/2008 19:49:44	B	72.856	-25.175	53.088	-162.209
6/30/2008 20:10:22	2	72.841	-25.194	65.566	16.881
6/30/2008 21:17:50	2	72.841	-25.172	59.999	51.386
6/30/2008 21:49:34	2	72.843	-25.178	59.72	55.743
6/30/2008 22:59:03	0	72.85	-25.222	55.349	90.522
6/30/2008 23:17:11	2	72.85	-25.2	62.364	-84.296
7/1/2008 0:56:29	A	72.851	-25.428	57.173	-118.856
7/1/2008 0:57:58	2	72.843	-25.229	68.794	-46.711
7/1/2008 1:41:49	0	72.845	-25.245	60.183	-103.596
7/1/2008 2:38:44	1	72.846	-25.228	62.66	-81.151
7/1/2008 2:39:43	2	72.842	-25.246	75.676	-11.032
7/1/2008 3:23:59	3	72.841	-25.255	65.702	-66.046
7/1/2008 4:19:55	A	72.841	-25.277	69.177	-44.301
7/1/2008 4:21:24	3	72.846	-25.222	82.776	20.108
7/1/2008 4:22:24	3	72.846	-25.222	82.766	20.963
7/1/2008 5:03:44	0	72.885	-24.947	72.132	-29.094
7/1/2008 5:49:33	A	72.853	-25.398	58.787	-112.289
7/1/2008 6:01:38	3	72.845	-25.194	88.687	-38.136
7/1/2008 6:02:09	1	72.844	-25.195	76.04	-9.998
7/1/2008 6:21:46	0	72.848	-25.185	59.504	-108.277
7/1/2008 6:47:27	3	72.851	-25.176	78.884	6.24
7/1/2008 7:32:16	3	72.854	-25.167	64.044	-75.068
7/1/2008 7:42:50	3	72.856	-25.153	82.182	-68.011
7/1/2008 7:44:21	3	72.859	-25.16	83.164	17.827
7/1/2008 8:03:29	2	72.859	-25.162	64.963	-70.664
7/1/2008 8:26:40	3	72.858	-25.163	85.976	36.593
7/1/2008 9:13:29	2	72.869	-25.155	70.409	-38.145
7/1/2008 9:22:03	2	72.869	-25.156	74.969	-35.654
7/1/2008 9:25:04	2	72.872	-25.152	87.974	-47.532
7/1/2008 9:42:12	0	72.851	-25.392	71.515	-32.829
7/1/2008 10:05:20	3	72.874	-25.161	86.59	-87.543
7/1/2008 10:52:41	2	72.878	-25.187	77.444	-1.94
7/1/2008 10:53:11	1	72.882	-25.175	77.392	-2.329
7/1/2008 11:05:47	2	72.884	-25.175	81.37	-62.236
7/1/2008 11:06:17	1	72.881	-25.149	68.339	-0.541
7/1/2008 11:24:56	2	72.885	-25.183	78.201	2.555
7/1/2008 11:45:33	2	72.886	-25.193	79.518	-59.009
7/1/2008 12:32:52	3	72.885	-25.209	84.606	29.475
7/1/2008 12:46:59	0	72.887	-25.208		
7/1/2008 12:46:59	1	72.886	-25.203		
7/1/2008 12:46:59	0	72.887	-25.208	61.968	37.111
7/1/2008 12:46:59	1	72.886	-25.203	74.284	-31.913
7/1/2008 13:06:07	2	72.891	-25.204	85.175	33.906
7/1/2008 14:14:35	2	72.89	-25.224	87.926	-76.359
7/1/2008 14:28:11	1	72.886	-25.197	56.585	76.275
7/1/2008 14:29:42	0	72.891	-25.252	67.468	3.41
7/1/2008 14:45:18	2	72.889	-25.218	87.435	-87.975
7/1/2008 15:07:27	1	72.891	-25.215	66.282	12.665
7/1/2008 15:54:46	2	72.892	-25.207	80.889	-64.209
7/1/2008 16:09:51	2	72.891	-25.208	60.995	40.793
7/1/2008 16:25:28	2	72.89	-25.201	80.384	-63.582
7/1/2008 16:46:06	2	72.894	-25.194	60.4	51.41
7/1/2008 17:35:27	0	72.898	-25.225	74.032	-31.12
7/1/2008 17:51:04	1	72.891	-25.174	55.64	79.606
7/1/2008 18:28:19	1	72.883	-25.113	55.856	89.924
7/1/2008 19:16:08	1	72.897	-25.148	67.236	5.999
7/1/2008 19:46:51	2	72.897	-25.124	67.064	8.286
7/1/2008 20:55:50	A	72.918	-25.172	61.304	43.817
7/1/2008 21:21:30	B	72.908	-25.119	56.039	-127.453
7/1/2008 21:26:02	2	72.905	-25.102	60.991	46.956
7/1/2008 22:37:31	2	72.913	-25.101	56.254	82.655
7/1/2008 23:07:42	1	72.917	-25.126		
7/1/2008 23:07:42	2	72.916	-25.122		
7/1/2008 23:07:42	1	72.917	-25.126	56.271	85.661
7/1/2008 23:07:42	2	72.916	-25.122	61.866	-88.716
7/2/2008 0:42:55	B	72.916	-25.125	55.293	-125.022
7/2/2008 0:46:26	1	72.928	-25.137	68.231	-50.443
7/2/2008 1:18:11	0	72.933	-25.265	59.008	-112.958
7/2/2008 2:27:42	1	72.93	-25.167	61.899	-85.99
7/2/2008 2:59:55	2	72.932	-25.175	64.303	-75.262
7/2/2008 4:07:53	0	72.938	-25.158	68.409	-48.854
7/2/2008 4:11:26	2	72.94	-25.178	82.037	17.009
7/2/2008 4:39:07	0	72.939	-25.22	70.708	-37.681
7/2/2008 5:28:58	A	72.959	-25.001	57.727	-120.695
7/2/2008 5:51:07	2	72.946	-25.169	88.553	-8.865
7/2/2008 5:51:37	1	72.946	-25.164	75.143	-14.568
7/2/2008 5:57:39	0	72.949	-25.136	58.486	-117.246
7/2/2008 6:20:20	2	72.946	-25.167	77.425	-1.555
7/2/2008 7:10:11	2	72.949	-25.144	63.028	-82.567
7/2/2008 7:32:22	2	72.952	-25.151	82.968	-70.371
7/2/2008 7:33:22	2	72.951	-25.149	82.281	14.873
7/2/2008 7:40:25	2	72.952	-25.141	63.619	-79.685
7/2/2008 8:02:03	3	72.954	-25.147	84.324	29.567
7/2/2008 8:52:55	1	72.956	-25.128	69.097	-46.071
7/2/2008 9:13:04	2	72.956	-25.117	75.785	-39.247
7/2/2008 9:13:35	2	72.957	-25.124	88.024	-25.32
7/2/2008 9:21:07	2	72.956	-25.125	69.862	-42.25
7/2/2008 9:40:47	3	72.957	-25.126	88.226	-85.101
7/2/2008 10:33:09	2	72.962	-25.11	75.913	-10.436
7/2/2008 10:53:18	2	72.963	-25.111	82.247	-64.945
7/2/2008 10:56:19	0	72.966	-25.156	69.083	-4.196
7/2/2008 11:01:21	2	72.963	-25.122	76.619	-5.924
7/2/2008 11:21:29	2	72.967	-25.117	81.255	-66.87
7/2/2008 12:13:19	3	72.97	-25.117	82.989	21.851
7/2/2008 12:34:28	1	72.974	-25.134	75.01	-34.976
7/2/2008 12:35:59	1	72.971	-25.12	62.628	33.429
7/2/2008 12:43:02	2	72.97	-25.12	83.505	26.47
7/2/2008 13:01:40	1	72.977	-25.153	74.297	-32.128
7/2/2008 13:54:01	2	72.975	-25.132	88.908	-38.1
7/2/2008 14:18:12	0	72.972	-25.173	68.307	-0.727
7/2/2008 14:18:42	1	72.973	-25.163	57.213	71.727
7/2/2008 14:22:15	2	72.976	-25.137	88.927	-67.694
7/2/2008 14:43:22	2	72.976	-25.147	67.778	4.086
7/2/2008 15:34:45	3	72.975	-25.148	82.436	-70.138
7/2/2008 15:57:55	2	72.971	-25.142	61.778	36.431
7/2/2008 16:01:55	2	72.971	-25.149	82.022	-70.181
7/2/2008 16:23:05	1	72.973	-25.143	61.752	41.891
7/2/2008 17:13:57	2	72.972	-25.154	75.238	-36.926
7/2/2008 17:38:36	1	72.966	-25.134	56.369	75.235
7/2/2008 17:41:37	2	72.97	-25.147	74.981	-35.938
7/2/2008 18:02:45	1	72.97	-25.139	56.969	81.237
7/2/2008 18:55:38	2	72.965	-25.127	68.661	-1.62
7/2/2008 19:23:50	1	72.963	-25.122	68.584	-0.264
7/2/2008 20:35:51	2	72.96	-25.097	62.444	35.816
7/2/2008 21:03:31	2	72.959	-25.098	62.37	37.799
7/2/2008 22:16:31	2	72.95	-25.071	57.177	74.589
7/2/2008 22:42:12	2	72.948	-25.084	57.635	77.2
7/2/2008 22:55:47	2	72.957	-25.086	61.093	-92.502
7/3/2008 0:32:01	B	72.978	-25.215	55.448	-129.642
7/3/2008 0:37:03	1	72.953	-25.1	67.432	-54.84
7/3/2008 0:54:10	1	72.949	-25.023	57.798	-122.421
7/3/2008 2:14:46	0	72.948	-25.094	61.351	-90.162
7/3/2008 2:18:17	1	72.953	-25.133	74.402	-17.875
7/3/2008 3:57:59	1	72.944	-25.168	67.455	-53.722
7/3/2008 4:00:59	2	72.945	-25.176	81.256	13.626
7/3/2008 4:17:07	2	72.939	-25.191	68.998	-46.991
7/3/2008 5:34:10	A	72.931	-25.11	57.404	-126.221
7/3/2008 5:39:12	0	72.932	-25.187	74.342	-18.355
7/3/2008 5:41:14	2	72.928	-25.188	88.181	12.236
7/3/2008 5:58:22	2	72.922	-25.209	75.664	-10.758
7/3/2008 6:50:44	3	72.917	-25.19	61.43	-90.781
7/3/2008 7:16:55	2	72.919	-25.17	62.295	-88.304
7/3/2008 7:20:56	2	72.915	-25.181	81.458	12.203
7/3/2008 7:21:57	2	72.917	-25.174	83.72	-72.804
7/3/2008 7:38:34	3	72.915	-25.175	82.617	23.066
7/3/2008 8:32:55	2	72.913	-25.164	67.801	-53.44
7/3/2008 8:58:36	2	72.91	-25.161	68.371	-50.777
7/3/2008 9:01:37	2	72.908	-25.174	87.946	-4.274
7/3/2008 9:02:07	2	72.91	-25.183	76.439	-42.711
7/3/2008 9:18:45	3	72.909	-25.181	89.331	-5.786
7/3/2008 10:12:08	1	72.905	-25.161	74.513	-16.99
7/3/2008 10:38:18	1	72.9	-25.186	75.012	-13.96
7/3/2008 10:42:21	2	72.905	-25.178	83.126	-67.88
7/3/2008 10:44:52	1	72.908	-25.235	69.708	-8.085
7/3/2008 10:57:57	3	72.902	-25.187	82.927	-74.688
7/3/2008 11:51:50	2	72.902	-25.197	81.609	17.308
7/3/2008 12:20:02	3	72.9	-25.209	81.915	19.922
7/3/2008 12:23:34	1	72.9	-25.219	75.949	-39.81
7/3/2008 12:26:06	1	72.892	-25.177	63.257	29.18
7/3/2008 12:37:40	2	72.901	-25.224	75.907	-40.839
7/3/2008 13:33:33	3	72.899	-25.257	88.42	19.323
7/3/2008 13:59:14	3	72.901	-25.279	88.884	23.295
7/3/2008 14:05:16	2	72.896	-25.291	68.967	-5.018
7/3/2008 14:05:46	1	72.898	-25.293	57.658	68.678
7/3/2008 14:17:51	2	72.894	-25.294	69.16	-4.484
7/3/2008 15:13:16	2	72.897	-25.349	83.726	-75.545
7/3/2008 15:38:27	3	72.891	-25.359	83.627	-77.844
7/3/2008 15:45:59	1	72.89	-25.385	62.4	31.954
7/3/2008 15:58:35	2	72.891	-25.373	62.97	32.986
7/3/2008 16:51:58	2	72.887	-25.386	76.539	-44.274
7/3/2008 17:17:38	2	72.887	-25.415	76.497	-44.486
7/3/2008 17:27:12	1	72.89	-25.434	56.717	70.548
7/3/2008 17:39:17	2	72.88	-25.41	57.689	71.689
7/3/2008 18:33:39	2	72.881	-25.451	69.826	-8.949
7/3/2008 18:58:50	1	72.873	-25.448	69.61	-7.939
7/3/2008 19:09:24	A	72.88	-25.451	52.915	109.735
7/3/2008 19:21:59	B	72.882	-25.443	54.13	110.653
7/3/2008 20:15:52	1	72.867	-25.425	63.6	27.68
7/3/2008 20:40:02	2	72.867	-25.412	63.601	28.941
7/3/2008 21:56:05	1	72.859	-25.383	57.962	66.368
7/3/2008 22:20:14	2	72.856	-25.381	58.098	67.952
7/3/2008 22:43:53	1	72.855	-25.363	60.789	-95.528
7/3/2008 23:37:45	B	72.843	-25.348	54.095	105.564
7/4/2008 0:26:39	1	72.852	-25.394	66.735	-58.225
7/4/2008 2:02:20	1	72.842	-25.374	60.65	-94.302
7/4/2008 2:12:23	1	72.849	-25.424	61.515	-93.292
7/4/2008 3:45:03	2	72.841	-25.471	66.767	-57.332
7/4/2008 3:50:06	2	72.841	-25.48	80.554	11.294
7/4/2008 3:52:37	1	72.839	-25.466	67.597	-55.178
7/4/2008 4:47:02	B	72.826	-25.482	55.642	-137.604
7/4/2008 5:10:41	A	72.829	-25.842	56.463	-134.7
7/4/2008 5:27:51	0	72.826	-25.525	73.538	-22.036
7/4/2008 5:31:22	3	72.83	-25.498	87.68	22.066
7/4/2008 5:32:52	1	72.838	-25.474	74.161	-18.39
7/4/2008 6:28:47	A	72.818	-25.538	60.651	-97.804
7/4/2008 6:54:28	1	72.823	-25.495	61.005	-97.153
7/4/2008 7:10:04	2	72.823	-25.51	80.648	9.811
7/4/2008 7:11:04	2	72.824	-25.511	84.332	-75.869
7/4/2008 7:14:36	2	72.82	-25.499	80.986	15.942
7/4/2008 8:10:30	3	72.815	-25.502	66.487	-60.512
7/4/2008 8:34:41	2	72.813	-25.49	66.926	-58.913
7/4/2008 8:50:17	2	72.812	-25.494	87.542	10.118
7/4/2008 8:51:47	3	72.813	-25.491	77.12	-46.669
7/4/2008 8:54:48	3	72.813	-25.49	88.077	37.675
7/4/2008 10:15:54	1	72.803	-25.485	73.439	-22.031
7/4/2008 10:30:00	2	72.803	-25.477	83.862	-70.521
7/4/2008 10:33:33	2	72.801	-25.48	84.494	-82.23
7/4/2008 10:36:04	0	72.821	-26.002	70.159	-11.779
7/4/2008 11:33:28	2	72.794	-25.485	80.016	10.402
7/4/2008 11:57:08	2	72.792	-25.489	80.313	13.176
7/4/2008 12:10:44	2	72.794	-25.495	76.622	-43.396
7/4/2008 12:13:14	1	72.793	-25.489	77.413	-49.503
7/4/2008 12:15:16	1	72.79	-25.488	63.729	25.284
7/4/2008 13:13:10	1	72.784	-25.506	87.18	33.172
7/4/2008 13:36:50	3	72.785	-25.514	87.43	41.072
7/4/2008 13:53:27	1	72.78	-25.518	69.658	-9.492
7/4/2008 13:54:27	2	72.778	-25.506	70.629	-13.745
7/4/2008 13:56:28	1	72.785	-25.529	57.799	64.698
7/4/2008 14:52:52	2	72.772	-25.549	85.255	-82.119
7/4/2008 15:15:32	3	72.774	-25.57	85.163	-85.477
7/4/2008 15:33:40	1	72.778	-25.656	63.057	27.377
7/4/2008 15:34:41	1	72.769	-25.586	64.313	23.574
7/4/2008 16:31:04	2	72.763	-25.599	77.992	-52.5
7/4/2008 16:55:14	2	72.764	-25.616	78.042	-53.213
7/4/2008 17:14:53	1	72.766	-25.614	58.733	62.446
7/4/2008 17:15:52	1	72.759	-25.578	57.201	65.552
7/4/2008 18:12:16	2	72.755	-25.612	71.152	-17.031
7/4/2008 18:36:57	1	72.755	-25.639	71.315	-17.647
7/4/2008 18:57:36	A	72.779	-25.725		
7/4/2008 18:57:36	A	72.779	-25.725	54.648	101.155
7/4/2008 19:53:59	2	72.752	-25.627	64.587	20.27
7/4/2008 20:15:38	2	72.751	-25.626	64.748	20.453
7/4/2008 21:33:40	2	72.74	-25.614	58.986	58.834
7/4/2008 21:56:50	2	72.745	-25.617	59.13	58.86
7/4/2008 22:33:05	0	72.743	-25.565	60.174	-99.191
7/4/2008 23:17:23	A	72.721	-25.414	54.544	97.129
7/4/2008 23:38:02	0	72.73	-25.643	55.082	98.096
7/5/2008 0:06:20	B	72.733	-25.642	55.606	-141.562
7/5/2008 0:08:21	B	72.721	-25.621		
7/5/2008 0:08:21	B	72.721	-25.614	54.414	-138.339
7/5/2008 0:08:21	B	72.721	-25.621	54.415	-138.336
7/5/2008 0:15:55	2	72.737	-25.642	66.088	-61.79
7/5/2008 1:49:33	3	72.721	-25.677	59.939	-102.627
7/5/2008 1:51:04	1	72.724	-25.754	59.928	-98.5
7/5/2008 3:29:18	1	72.712	-25.719	65.943	-64.202
7/5/2008 3:33:49	2	72.708	-25.728	65.903	-61.53
7/5/2008 3:39:22	2	72.709	-25.735	79.906	9.052
7/5/2008 5:07:30	0	72.715	-25.644	72.454	-27.085
7/5/2008 5:20:37	3	72.696	-25.759	87.091	28.844
7/5/2008 6:07:27	0	72.69	-25.813	59.549	-105.336
7/5/2008 6:29:07	1	72.686	-25.788	59.841	-104.935
7/5/2008 6:50:46	3	72.689	-25.768	79.399	8.902
7/5/2008 6:57:18	1	72.688	-25.769	79.921	6.58
7/5/2008 7:00:20	2	72.688	-25.765	84.956	-79.002
7/5/2008 7:50:12	3	72.685	-25.758	65.119	-68.115
7/5/2008 8:12:52	2	72.685	-25.753	65.477	-67.581
7/5/2008 8:31:00	2	72.684	-25.758	86.476	39.497
7/5/2008 8:38:33	3	72.685	-25.762	86.983	19.032
7/5/2008 8:42:04	2	72.683	-25.764	77.815	-50.995
7/5/2008 9:29:26	1	72.687	-25.711	71.774	-30.588
7/5/2008 9:49:35	0	72.621	-26.195	72.064	-29.282
7/5/2008 10:09:44	2	72.678	-25.756	86.128	-89.655
7/5/2008 10:18:47	3	72.679	-25.754	84.665	-73.213
7/5/2008 10:24:21	0	72.704	-26.008	70.808	-15.909
7/5/2008 11:11:41	2	72.671	-25.747	78.623	4.306
7/5/2008 11:32:50	3	72.671	-25.743	78.752	5.897
7/5/2008 11:49:57	3	72.669	-25.74	79.011	-58.58
7/5/2008 11:59:01	2	72.669	-25.739	77.299	-47.616
7/5/2008 12:04:04	3	72.667	-25.731	64.139	21.501
7/5/2008 12:52:24	3	72.667	-25.75	85.749	32.76
7/5/2008 13:13:02	3	72.663	-25.755	85.885	38.37
7/5/2008 13:30:10	1	72.66	-25.74	72.065	-22.567
7/5/2008 13:39:14	A	72.652	-25.725	70.243	-13.708
7/5/2008 13:40:45	1	72.656	-25.733	70.243	-13.742
7/5/2008 13:46:16	2	72.66	-25.756	58.276	59.865
7/5/2008 14:32:07	3	72.654	-25.773	86.655	-85.944
7/5/2008 14:52:15	2	72.656	-25.781	86.731	-91.915
7/5/2008 15:10:52	2	72.648	-25.776	65.603	14.497
7/5/2008 15:22:56	1	72.651	-25.834	63.711	22.66
7/5/2008 15:27:28	0	72.64	-25.749	54.1	99.697
7/5/2008 16:12:47	3	72.642	-25.798	79.521	-60.418
7/5/2008 16:32:57	2	72.639	-25.8	79.652	-61.67
7/5/2008 16:51:34	2	72.637	-25.802	59.746	52.804
7/5/2008 17:03:09	2	72.63	-25.788	57.657	61.211
7/5/2008 17:51:59	0	72.6	-25.659	72.476	-24.998
7/5/2008 18:32:16	0	72.636	-25.836	55.377	92.167
7/5/2008 18:44:51	B	72.62	-25.776	53.35	100.324
7/5/2008 19:33:42	A	72.616	-25.765	65.834	12.665
7/5/2008 19:53:20	1	72.617	-25.764	66.234	10.937
7/5/2008 21:13:54	2	72.62	-25.719	59.789	50.413
7/5/2008 21:33:33	2	72.623	-25.715	60.226	49.683
7/5/2008 22:22:53	A	72.631	-25.669	59.496	-103.112
7/5/2008 22:54:36	A	72.605	-25.631	55.37	89.57
7/5/2008 23:15:14	1	72.625	-25.671	55.54	88.623
7/5/2008 23:56:32	B	72.65	-25.728	53.966	-142.802
7/6/2008 0:04:06	1	72.624	-25.686	65.499	-64.981
7/6/2008 1:23:10	1	72.626	-25.679	58.911	-110.865
7/6/2008 1:40:17	B	72.631	-25.745	58.968	-104.107
7/6/2008 1:47:22	1	72.64	-25.605	72.033	-28.715
7/6/2008 3:03:53	2	72.614	-25.734	64.504	-72.626
7/6/2008 3:21:32	3	72.614	-25.738	65.06	-65.712
7/6/2008 3:28:05	2	72.613	-25.753	79.228	6.464
7/6/2008 4:46:09	1	72.6	-25.75	70.731	-35.672
7/6/2008 4:46:39	1	72.6	-25.754	70.739	-35.667
7/6/2008 5:01:16	0	72.578	-25.885	71.947	-29.08
7/6/2008 5:10:49	3	72.594	-25.781	86.372	31.79
7/6/2008 5:47:04	B	72.589	-25.777	58.092	-114.521
7/6/2008 6:05:42	1	72.583	-25.799	58.584	-113.732
7/6/2008 6:26:22	2	72.582	-25.768	77.694	1.056
7/6/2008 6:28:22	2	72.584	-25.761	77.658	1.699
7/6/2008 6:45:00	3	72.58	-25.768	79.066	4.323
7/6/2008 6:50:01	2	72.581	-25.756	85.776	-81.634
7/6/2008 7:28:49	2	72.581	-25.738	63.814	-75.501
7/6/2008 7:48:26	2	72.581	-25.728	63.931	-76.051
7/6/2008 8:07:35	3	72.578	-25.717	84.722	35.057
7/6/2008 8:26:13	3	72.579	-25.701	86.251	23.635
7/6/2008 8:31:46	3	72.58	-25.698	78.554	-55.002
7/6/2008 9:08:01	0	72.594	-25.588	70.361	-37.808
7/6/2008 9:26:39	0	72.588	-25.641	70.437	-37.72
7/6/2008 9:46:17	3	72.586	-25.653	87.895	-93.812
7/6/2008 10:06:26	3	72.586	-25.645	85.518	-74.918
7/6/2008 10:13:59	0	72.613	-25.808	71.505	-19.947
7/6/2008 10:51:16	3	72.593	-25.624	77.063	-2.648
7/6/2008 11:09:24	3	72.597	-25.623	77.1	-1.863
7/6/2008 11:26:01	2	72.596	-25.614	80.734	-67.232
7/6/2008 11:48:41	2	72.594	-25.598	78.364	-52.666
7/6/2008 11:54:44	1	72.598	-25.623	64.923	17.025
7/6/2008 12:30:58	2	72.601	-25.612	84.307	29.562
7/6/2008 12:50:38	3	72.605	-25.605	84.135	32.267
7/6/2008 13:05:13	1	72.603	-25.605	73.689	-31.363
7/6/2008 13:30:25	0	72.584	-25.468	71.227	-18.552
7/6/2008 13:34:56	2	72.606	-25.619	58.778	56.028
7/6/2008 14:11:11	3	72.606	-25.628	88.106	-81.452
7/6/2008 14:30:19	3	72.606	-25.636	88.531	-93.854
7/6/2008 14:46:26	2	72.604	-25.645	67.083	5.51
7/6/2008 15:10:05	2	72.604	-25.661	64.335	18.402
7/6/2008 15:48:52	3	72.604	-25.683	80.845	-67.301
7/6/2008 16:09:00	3	72.6	-25.686	81.26	-70.107
7/6/2008 16:27:37	1	72.593	-25.675	61.12	43.22
7/6/2008 16:51:17	2	72.599	-25.704	58.2	56.643
7/6/2008 17:29:33	2	72.593	-25.718	73.854	-32.436
7/6/2008 17:48:41	1	72.59	-25.733	74.205	-34.411
7/6/2008 18:07:19	1	72.595	-25.723	56.313	82.927
7/6/2008 18:33:01	1	72.582	-25.737	53.76	95.818
7/6/2008 19:12:46	3	72.585	-25.734	67.161	4.211
7/6/2008 19:30:55	1	72.58	-25.725	67.712	2.027
7/6/2008 20:52:59	2	72.58	-25.714	60.998	42.23
7/6/2008 21:10:37	2	72.579	-25.7	61.492	40.478
7/6/2008 22:13:03	2	72.584	-25.678	58.647	-107.405
7/6/2008 22:34:11	2	72.589	-25.672	55.93	81.309
7/6/2008 22:50:49	2	72.58	-25.635	56.573	79.767
7/6/2008 23:53:43	2	72.6	-25.64	64.757	-68.971
7/7/2008 0:59:16	0	72.606	-25.614	57.733	-120.19
7/7/2008 1:26:28	0	72.604	-25.589	58.534	-107.324
7/7/2008 1:34:01	A	72.584	-25.912	71.524	-31.526
7/7/2008 2:41:29	2	72.613	-25.724	62.904	-82.237
7/7/2008 3:09:12	1	72.612	-25.736	64.427	-69.764
7/7/2008 3:17:15	2	72.618	-25.737	78.443	2.555
7/7/2008 4:21:13	3	72.613	-25.797	69.298	-44.192
7/7/2008 4:59:30	3	72.608	-25.839	85.719	27.684
7/7/2008 5:26:12	B	72.596	-25.834	57.183	-122.478
7/7/2008 5:41:49	0	72.605	-25.823	57.524	-122.629
7/7/2008 6:00:59	2	72.599	-25.895	76.171	-6.724
7/7/2008 6:33:12	2	72.596	-25.907	78.217	-0.334
7/7/2008 6:39:15	2	72.593	-25.913	86.542	-80.872
7/7/2008 7:08:27	2	72.588	-25.911	62.542	-83.554
7/7/2008 7:25:05	2	72.587	-25.916	62.612	-84.784
7/7/2008 7:43:43	2	72.589	-25.913	83.077	26.732
7/7/2008 8:14:56	2	72.581	-25.919	85.471	23.915
7/7/2008 8:20:28	3	72.583	-25.913	79.21	-57.988
7/7/2008 8:49:39	3	72.584	-25.89	68.877	-46.062
7/7/2008 9:05:15	3	72.582	-25.896	68.883	-46.613
7/7/2008 9:22:23	3	72.58	-25.9	89.421	-66.833
7/7/2008 9:57:08	A	72.559	-25.879	86.583	-80.316
7/7/2008 10:00:40	0	72.574	-25.854	72.055	-23.148
7/7/2008 10:27:52	0	72.605	-25.812	75.862	-8.687
7/7/2008 10:46:00	1	72.584	-25.868	75.565	-10.473
7/7/2008 11:01:37	3	72.582	-25.866	82.344	-75.423
7/7/2008 11:35:52	2	72.585	-25.846	79.111	-56.018
7/7/2008 11:43:56	0	72.586	-25.88	65.553	13.159
7/7/2008 12:11:05	2	72.59	-25.847	82.843	23.858
7/7/2008 12:27:13	2	72.592	-25.852	82.55	25.034
7/7/2008 12:42:51	2	72.594	-25.838	75.333	-40.19
7/7/2008 13:16:34	0	72.613	-25.919	71.774	-21.756
7/7/2008 13:24:38	1	72.599	-25.879	59.294	52.028
7/7/2008 13:50:49	3	72.601	-25.864	89.238	-41.278
7/7/2008 14:06:55	2	72.602	-25.866	89.605	0.263
7/7/2008 14:22:02	3	72.603	-25.881	68.559	-3.169
7/7/2008 14:58:49	1	72.601	-25.908	65.186	13.79
7/7/2008 15:30:34	2	72.603	-25.924	82.358	-73.217
7/7/2008 15:46:41	2	72.602	-25.933	82.889	-77.864
7/7/2008 16:02:47	2	72.597	-25.944	62.402	34.46
7/7/2008 16:39:02	2	72.598	-25.977	58.849	52.264
7/7/2008 17:09:46	2	72.596	-26.004	75.17	-39.397
7/7/2008 17:25:23	2	72.596	-26.021	75.723	-42.007
7/7/2008 17:42:59	1	72.583	-26.012	57.233	73.731
7/7/2008 18:21:45	1	72.574	-26.039	54.022	90.955
7/7/2008 18:49:58	3	72.571	-26.048	68.44	-3.238
7/7/2008 19:05:34	2	72.572	-26.063	68.942	-5.983
7/7/2008 19:26:12	A	72.587	-26.184	53.53	112.624
7/7/2008 20:32:11	2	72.554	-26.068	62.106	34.391
7/7/2008 20:47:18	1	72.556	-26.087	62.757	31.697
7/7/2008 22:00:48	A	72.543	-26.07	58.505	-110.514
7/7/2008 22:13:23	1	72.546	-26.036	56.702	73.164
7/7/2008 22:27:28	2	72.54	-26.037	57.425	70.84
7/7/2008 23:44:31	2	72.54	-26.014	64.038	-73.052
7/8/2008 0:35:00	A	72.542	-25.94	56.609	-129.142
7/8/2008 1:14:46	0	72.543	-26.101	57.916	-111.584
7/8/2008 1:23:49	0	72.547	-25.941	70.808	-35.196
7/8/2008 2:16:13	1	72.538	-26.009	61.734	-90.478
7/8/2008 2:58:01	2	72.534	-26.016	63.591	-74.13
7/8/2008 3:06:36	3	72.538	-26.015	77.781	-0.185
7/8/2008 3:57:27	2	72.534	-26.031	67.687	-52.881
7/8/2008 4:40:14	1	72.53	-26.04	70.061	-37.906
7/8/2008 4:49:19	3	72.531	-26.062	84.995	29
7/8/2008 5:03:55	B	72.527	-26.066	55.831	-130.452
7/8/2008 5:17:30	B	72.543	-26.109	55.807	-132.741
7/8/2008 5:37:39	2	72.516	-26.111	74.472	-15.673
7/8/2008 6:21:28	3	72.516	-26.102	77.392	-3.097
7/8/2008 6:30:01	3	72.514	-26.112	87.253	-83.53
7/8/2008 6:48:10	1	72.511	-26.111	61.418	-91.296
7/8/2008 7:00:15	1	72.507	-26.12	61.418	-92.787
7/8/2008 7:19:53	3	72.507	-26.125	81.415	19.911
7/8/2008 7:20:54	3	72.509	-26.123	81.364	20.703
7/8/2008 8:03:13	3	72.499	-26.133	84.673	23.627
7/8/2008 8:10:16	3	72.498	-26.138	79.9	-62.008
7/8/2008 8:28:24	3	72.494	-26.115	67.552	-53.258
7/8/2008 8:42:00	2	72.493	-26.117	67.362	-55.143
7/8/2008 8:58:37	2	72.491	-26.124	88.666	44.021
7/8/2008 9:43:27	3	72.483	-26.11	87.11	-73.701
7/8/2008 10:09:38	2	72.478	-26.105	74.312	-16.49
7/8/2008 10:20:43	0	72.533	-25.917	74.152	-16.981
7/8/2008 10:38:50	3	72.474	-26.08	84.03	-83.932
7/8/2008 11:24:41	2	72.471	-26.048	79.914	-60.135
7/8/2008 11:33:15	1	72.471	-26.032	66.047	9.211
7/8/2008 11:50:22	2	72.469	-26.03	81.331	17.664
7/8/2008 12:03:58	3	72.468	-26.026	80.929	17.799
7/8/2008 12:18:32	2	72.471	-26.007	76.916	-49.437
7/8/2008 13:14:26	1	72.472	-25.963	59.808	47.587
7/8/2008 13:30:02	2	72.471	-25.961	88.577	31.162
7/8/2008 13:43:40	3	72.469	-25.955	88.143	47.166
7/8/2008 13:58:16	2	72.474	-25.957	70.003	-12.337
7/8/2008 14:47:07	1	72.473	-25.936	65.889	9.135
7/8/2008 14:55:10	A	72.479	-25.96	55.074	87.392
7/8/2008 15:09:16	2	72.477	-25.936	83.809	-80.356
7/8/2008 15:22:52	2	72.477	-25.937	84.478	-86.009
7/8/2008 15:39:59	2	72.476	-25.933	63.733	24.874
7/8/2008 16:27:51	2	72.476	-25.939	59.387	47.271
7/8/2008 16:47:59	2	72.477	-25.955	76.601	-47.406
7/8/2008 17:03:06	2	72.478	-25.96	77.358	-51.737
7/8/2008 17:19:43	2	72.476	-25.974	58.113	63.95
7/8/2008 18:09:04	1	72.471	-25.972	54.391	86.45
7/8/2008 18:28:11	2	72.47	-25.986	69.772	-11.047
7/8/2008 18:43:18	1	72.472	-25.999	70.471	-15.079
7/8/2008 19:01:56	B	72.474	-25.985	54.166	103.204
7/8/2008 20:08:55	2	72.456	-26.027	63.421	26.861
7/8/2008 20:24:02	3	72.457	-26.026	64.06	22.682
7/8/2008 21:50:39	A	72.451	-25.998	57.796	-114.584
7/8/2008 21:52:40	2	72.445	-26.011	57.615	64.894
7/8/2008 22:04:14	2	72.448	-26.004	58.469	61.527
7/8/2008 23:33:52	2	72.439	-25.97	63.361	-76.657
7/8/2008 23:45:58	1	72.436	-25.951	54.353	100.826
7/9/2008 0:09:44	B	72.463	-25.95	55.243	-139.494
7/9/2008 1:03:08	0	72.445	-25.987	57.133	-116.181
7/9/2008 1:13:13	0	72.436	-25.976	70.06	-38.705
7/9/2008 1:51:30	1	72.449	-25.886	60.35	-99.433
7/9/2008 2:46:56	3	72.446	-25.892	62.671	-78.832
7/9/2008 2:56:00	3	72.447	-25.895	76.998	-3.249
7/9/2008 3:33:49	2	72.449	-25.891	66.102	-61.878
7/9/2008 4:27:13	2	72.448	-25.912	69.432	-41.35
7/9/2008 4:39:19	3	72.448	-25.903	84.183	29.204
7/9/2008 4:53:55	B	72.452	-25.885	54.841	-141.789
7/9/2008 5:15:05	0	72.479	-25.771	72.707	-24.548
7/9/2008 6:09:59	2	72.45	-25.952	76.469	-6.651
7/9/2008 6:18:33	3	72.45	-25.954	87.946	-80.219
7/9/2008 6:26:38	2	72.448	-25.942	60.062	-99.136
7/9/2008 6:36:12	1	72.445	-25.964	60.147	-101.485
7/9/2008 6:55:49	3	72.446	-25.969	79.641	11.544
7/9/2008 7:51:44	3	72.44	-25.992	83.762	22.352
7/9/2008 7:59:48	3	72.439	-25.99	80.67	-65.457
7/9/2008 8:06:51	2	72.438	-25.977	66.283	-60.485
7/9/2008 8:18:26	2	72.437	-25.989	65.837	-63.714
7/9/2008 8:35:34	3	72.436	-25.997	86.864	44.537
7/9/2008 9:32:29	2	72.432	-26.007	88.06	-68.468
7/9/2008 9:39:31	0	72.424	-25.958	73.39	-31.001
7/9/2008 9:40:32	0	72.427	-25.984	73.418	-31.075
7/9/2008 9:48:06	0	72.408	-26.083	72.86	-23.727
7/9/2008 10:14:17	2	72.42	-25.979	85.741	-91.766
7/9/2008 11:12:13	2	72.415	-25.944	80.772	-63.943
7/9/2008 11:23:17	1	72.43	-26.01	66.723	5.174
7/9/2008 11:29:20	1	72.43	-25.946	79.874	11.299
7/9/2008 11:40:25	2	72.427	-25.938	79.237	9.672
7/9/2008 11:53:30	1	72.428	-25.941	78.552	-57.803
7/9/2008 12:52:55	1	72.428	-25.939	73.466	-30.91
7/9/2008 13:04:32	1	72.422	-25.904	60.493	43.089
7/9/2008 13:09:33	3	72.428	-25.913	87.104	38.789
7/9/2008 13:20:36	3	72.424	-25.91	86.447	43.879
7/9/2008 13:34:42	1	72.419	-25.859	71.625	-21.592
7/9/2008 14:34:08	2	72.424	-25.874	66.62	4.727
7/9/2008 14:43:42	0	72.409	-25.858	55.613	83.349
7/9/2008 14:46:43	2	72.43	-25.887	85.244	-88.546
7/9/2008 15:00:19	3	72.428	-25.883	86.222	-94.205
7/9/2008 15:15:56	2	72.432	-25.902	65.218	15.618
7/9/2008 16:15:52	2	72.434	-25.897	60.094	42.651
7/9/2008 16:29:29	3	72.432	-25.897	78.13	-54.886
7/9/2008 16:40:33	2	72.436	-25.913	79.048	-60.463
7/9/2008 16:54:08	1	72.435	-25.896	59.442	54.982
7/9/2008 17:58:05	0	72.429	-25.915	54.913	81.254
7/9/2008 18:08:10	2	72.427	-25.914	71.064	-18.618
7/9/2008 18:36:23	0	72.437	-25.948	55.002	94.02
7/9/2008 19:50:55	3	72.423	-25.974	64.5	18.467
7/9/2008 19:59:59	1	72.419	-25.968	65.541	13.679
7/9/2008 21:32:10	1	72.405	-26.004	58.758	56.451
7/9/2008 21:39:13	A	72.409	-26.004	57.324	-118.374
7/9/2008 21:41:14	1	72.41	-26.017	59.58	52.316
7/9/2008 23:11:21	B	72.387	-26	54.25	96.281
7/9/2008 23:21:26	1	72.386	-25.998	55.245	92.007
7/9/2008 23:22:27	2	72.398	-26.03	62.83	-80.129
7/10/2008 0:51:39	B	72.393	-25.927	56.116	-122.186
7/10/2008 1:03:45	1	72.389	-26.019	69.274	-42.551
7/10/2008 1:27:25	1	72.39	-26.046	59.065	-108.486
7/10/2008 2:33:52	2	72.387	-25.952	62.071	-82.617
7/10/2008 2:45:58	1	72.383	-26.013	76.258	-6.491
7/10/2008 3:10:07	2	72.386	-25.992	64.577	-70.823
7/10/2008 4:14:33	0	72.377	-26.135	68.716	-45.232
7/10/2008 4:28:07	2	72.387	-26.015	83.484	25.766
7/10/2008 4:48:18	0	72.364	-26.19	71.238	-32.449
7/10/2008 5:55:47	0	72.366	-26.108	75.778	-9.376
7/10/2008 6:03:50	0	72.384	-25.978	59.174	-106.149
7/10/2008 6:08:51	3	72.385	-26.052	88.681	-71.967
7/10/2008 6:13:52	A	72.38	-26.052	58.659	-111.645
7/10/2008 6:28:59	A	72.393	-26.042	78.154	4.824
7/10/2008 7:39:31	2	72.377	-26.115	82.936	19.877
7/10/2008 7:47:03	3	72.375	-26.128	64.792	-68.696
7/10/2008 7:49:04	3	72.378	-26.13	81.381	-69.241
7/10/2008 7:55:07	2	72.375	-26.124	64.312	-72.551
7/10/2008 8:11:15	3	72.372	-26.138	85.191	37.831
7/10/2008 9:21:15	2	72.361	-26.173	88.675	-50.493
7/10/2008 9:25:47	0	72.316	-26.473	71.586	-30.437
7/10/2008 9:29:49	1	72.362	-26.165	74.12	-35.051
7/10/2008 9:35:52	1	72.37	-26.128	70.852	-34.52
7/10/2008 9:50:29	2	72.361	-26.179	87.439	-100.401
7/10/2008 11:00:30	1	72.351	-26.178	81.587	-67.752
7/10/2008 11:08:33	2	72.35	-26.181	78.429	4.82
7/10/2008 11:13:06	1	72.348	-26.113	67.38	1.06
7/10/2008 11:16:37	3	72.348	-26.172	77.74	1.879
7/10/2008 11:30:14	2	72.349	-26.176	80.184	-66.909
7/10/2008 12:39:44	1	72.346	-26.179	74.183	-35.217
7/10/2008 12:48:48	2	72.346	-26.175	85.7	36.124
7/10/2008 12:52:50	1	72.346	-26.169	60.818	39.601
7/10/2008 12:57:52	2	72.345	-26.17	84.828	37.159
7/10/2008 13:01:54	A	72.243	-26.538	84.841	42.708
7/10/2008 13:10:28	0	72.336	-26.115	73.146	-30.484
7/10/2008 14:24:29	0	72.331	-26.278	67.324	0.189
7/10/2008 14:27:00	2	72.34	-26.162	86.729	-94.052
7/10/2008 14:35:05	1	72.353	-26.186	55.569	78.632
7/10/2008 14:37:04	2	72.344	-26.153	87.832	-101.497
7/10/2008 14:52:11	3	72.348	-26.176	66.626	6.453
7/10/2008 16:04:14	0	72.34	-26.159	60.791	37.854
7/10/2008 16:07:45	1	72.348	-26.163	79.495	-62.399
7/10/2008 16:16:19	2	72.35	-26.167	80.565	-68.502
7/10/2008 16:31:26	0	72.337	-26.153	60.579	45
7/10/2008 17:45:59	1	72.352	-26.225	55.224	76.824
7/10/2008 17:56:33	1	72.351	-26.24	73.456	-32.177
7/10/2008 18:12:41	0	72.353	-26.272	55.68	84.434
7/10/2008 19:30:17	2	72.345	-26.246	65.866	10.208
7/10/2008 19:37:21	B	72.345	-26.234	66.581	5.688
7/10/2008 21:10:57	1	72.341	-26.33	59.778	48.543
7/10/2008 21:16:59	0	72.343	-26.351	60.824	43.552
7/10/2008 22:51:34	B	72.295	-26.242	55.019	88.156
7/10/2008 22:57:05	B	72.277	-26.365	55.852	82.839
7/10/2008 23:12:40	A	72.339	-26.35	62.213	-83.966
7/11/2008 0:53:09	A	72.334	-26.376	68.712	-45.97
7/11/2008 1:03:42	B	72.329	-26.406	57.633	-118.814
7/11/2008 2:21:58	1	72.333	-26.39	61.372	-86.819
7/11/2008 2:37:01	2	72.326	-26.421	75.574	-9.726
7/11/2008 2:45:02	1	72.322	-26.42	63.32	-79.096
7/11/2008 4:01:44	B	72.32	-26.593	66.321	-50.944
7/11/2008 4:17:46	1	72.32	-26.418	82.797	23.375
7/11/2008 4:24:47	0	72.31	-26.529	69.745	-40.957
7/11/2008 5:43:32	B	72.32	-26.458	57.756	-115.219
7/11/2008 5:45:33	1	72.316	-26.435	74.876	-14.12
7/11/2008 5:49:34	B	72.316	-26.447	57.353	-120.382
7/11/2008 5:58:07	2	72.316	-26.431	89.149	-49.243
7/11/2008 6:04:38	B	72.333	-26.398	76.403	-8
7/11/2008 7:26:24	2	72.315	-26.45	63.53	-76.146
7/11/2008 7:27:55	2	72.315	-26.443	82.165	17.626
7/11/2008 7:32:56	1	72.317	-26.455	62.973	-81.253
7/11/2008 7:38:26	2	72.317	-26.462	82.004	-72.531
7/11/2008 7:46:28	2	72.314	-26.454	83.612	31.051
7/11/2008 9:06:46	0	72.305	-26.532	69.994	-38.471
7/11/2008 9:07:46	1	72.32	-26.479	88.659	-22.836
7/11/2008 9:12:17	A	72.314	-26.474	69.439	-42.557
7/11/2008 9:19:19	1	72.312	-26.509	74.781	-38.816
7/11/2008 9:26:19	1	72.317	-26.508	89.036	-105.34
7/11/2008 10:48:03	2	72.313	-26.51	82.279	-71.034
7/11/2008 10:48:34	A	72.313	-26.505	76.996	-2.1
7/11/2008 10:51:34	A	72.244	-26.682	76.31	-4.54
7/11/2008 12:27:52	2	72.308	-26.538	84.274	31.198
7/11/2008 12:29:22	1	72.307	-26.542	74.914	-39.239
7/11/2008 12:33:22	1	72.303	-26.54	83.303	29.612
7/11/2008 12:43:53	B	72.319	-26.434	60.736	36.505
7/11/2008 12:47:24	1	72.308	-26.518	74.761	-39.441
7/11/2008 14:07:05	1	72.305	-26.537	88.08	-92.429
7/11/2008 14:14:05	2	72.307	-26.489	89.34	-100.98
7/11/2008 14:23:06	A	72.255	-26.439	56.186	75.166
7/11/2008 14:27:35	0	72.298	-26.476	68.077	-2.553
