6/28/2008 7:59:03	2	70.19	-13.862	79.995	40.843
6/28/2008 8:14:04	3	70.189	-13.855	82.665	-79.702
6/28/2008 8:21:05	3	70.19	-13.857	82.182	46.153
6/28/2008 8:35:34	3	70.187	-13.854	63.318	-52.318
6/28/2008 9:15:33	3	70.185	-13.86	64.684	-45.14
6/28/2008 9:38:04	3	70.185	-13.854	87.212	106.824
6/28/2008 9:55:02	2	70.183	-13.847	74.954	-38.746
6/28/2008 10:00:33	3	70.182	-13.845	89.313	-165.793
6/28/2008 10:56:00	1	70.182	-13.852	71.624	-5.778
6/28/2008 11:17:59	3	70.183	-13.841	84.145	-96.072
6/28/2008 11:34:28	3	70.18	-13.839	67.598	0.209
6/28/2008 11:40:29	2	70.18	-13.841	81.624	-70.691
6/28/2008 11:55:58	3	70.178	-13.828	77.744	26.653
6/28/2008 12:36:56	3	70.176	-13.828	78.92	35.03
6/28/2008 12:56:57	3	70.176	-13.822	76.651	-49.404
6/28/2008 13:17:25	3	70.173	-13.809	60.609	39.601
6/28/2008 13:23:25	2	70.172	-13.818	73.933	-32.877
6/28/2008 13:37:55	3	70.171	-13.804	85.139	73.018
6/28/2008 14:15:56	2	70.165	-13.8	86.274	90.649
6/28/2008 14:36:55	1	70.162	-13.761	69.344	-9.348
6/28/2008 14:58:24	2	70.169	-13.774	54.645	80.008
6/28/2008 15:03:54	2	70.163	-13.78	66.452	5.66
6/28/2008 15:16:55	2	70.161	-13.77	86.39	-113.41
6/28/2008 15:56:23	3	70.159	-13.756	85.183	-107.556
6/28/2008 16:17:51	2	70.158	-13.748	62.557	29.883
6/28/2008 16:43:50	2	70.157	-13.736	59.346	45.192
6/28/2008 16:55:20	2	70.151	-13.736	78.729	-60.807
6/28/2008 17:34:50	3	70.151	-13.715	77.723	-55.556
6/28/2008 17:57:48	2	70.152	-13.694	56.514	70.116
6/28/2008 18:24:47	0	70.151	-13.681	53.617	85.268
6/28/2008 18:37:47	1	70.153	-13.687	71.497	-20.921
6/28/2008 19:40:47	B	70.158	-13.6	51.968	110.128
6/28/2008 20:17:45	2	70.15	-13.62	64.395	18.463
6/28/2008 20:55:15	3	70.149	-13.6	63.536	24.297
6/28/2008 21:55:12	B	70.164	-13.594	53.121	-118.991
6/28/2008 21:57:43	3	70.152	-13.569	57.892	58.517
6/28/2008 22:35:41	2	70.153	-13.555	57.27	64.371
6/28/2008 23:37:09	1	70.148	-13.551	58.896	-77.75
6/28/2008 23:39:09	B	70.15	-13.528	52.814	98.558
6/29/2008 0:17:11	A	70.161	-13.557	52.535	104.658
6/29/2008 1:20:09	A	70.154	-13.43	65.53	-38.49
6/29/2008 2:31:35	0	70.145	-13.509	57.759	-88.25
6/29/2008 3:01:33	2	70.146	-13.404	72.732	0.055
6/29/2008 3:04:04	2	70.148	-13.39	59.076	-74.145
6/29/2008 4:13:01	3	70.149	-13.373	63.901	-49.042
6/29/2008 4:43:31	3	70.151	-13.361	80.294	39.902
6/29/2008 4:45:01	0	70.148	-13.419	66.078	-35
6/29/2008 5:55:29	0	70.149	-13.353	70.694	-10.387
6/29/2008 6:24:26	2	70.151	-13.312	87.802	103.915
6/29/2008 6:27:27	2	70.155	-13.319	73.353	2.824
6/29/2008 6:31:26	B	70.152	-13.301	54.888	-101.447
6/29/2008 7:09:25	A	70.159	-13.293	56.652	-94.97
6/29/2008 7:35:54	3	70.157	-13.284	77.985	30.217
6/29/2008 8:03:25	2	70.158	-13.271	83.656	-85.71
6/29/2008 8:09:24	3	70.159	-13.268	81.058	41.098
6/29/2008 8:15:24	2	70.162	-13.258	61.756	-60.874
6/29/2008 8:51:24	2	70.165	-13.249	62.98	-54.539
6/29/2008 9:14:53	2	70.165	-13.227	85.414	80.763
6/29/2008 9:44:22	2	70.169	-13.213	75.94	-43.356
6/29/2008 9:50:22	3	70.168	-13.221	88.763	109.887
6/29/2008 9:55:23	1	70.171	-13.214	68.608	-21.619
6/29/2008 10:33:52	1	70.173	-13.213	69.812	-15.294
6/29/2008 10:53:22	3	70.175	-13.181	85.96	-113.445
6/29/2008 11:27:22	0	70.185	-13.212	68.606	-4.634
6/29/2008 11:29:22	2	70.178	-13.169	82.803	-75.847
6/29/2008 11:37:52	3	70.18	-13.165	75.849	17.302
6/29/2008 12:13:23	3	70.181	-13.154	77.027	24.782
6/29/2008 12:32:53	3	70.182	-13.145	78.603	-59.689
6/29/2008 13:08:22	1	70.186	-13.132	61.624	34.655
6/29/2008 13:11:23	2	70.183	-13.133	75.066	-37.852
6/29/2008 13:17:22	3	70.184	-13.13	83.409	60.597
6/29/2008 13:52:51	3	70.184	-13.115	84.465	71.554
6/29/2008 14:13:50	1	70.178	-13.079	71.303	-19.231
6/29/2008 14:47:49	1	70.182	-13.086	55.355	75.451
6/29/2008 14:53:20	0	70.188	-13.096	67.575	0.668
6/29/2008 14:57:20	2	70.184	-13.083	87.968	-145.336
6/29/2008 15:33:49	3	70.188	-13.068	86.894	-132.406
6/29/2008 15:54:19	2	70.19	-13.065	64.368	20.001
6/29/2008 16:32:19	2	70.191	-13.044	60.401	39.904
6/29/2008 16:36:48	3	70.191	-13.035	80.707	-69.647
6/29/2008 17:11:48	3	70.192	-13.012	79.663	-65.593
6/29/2008 17:33:18	2	70.196	-13.007	57.996	60.303
6/29/2008 18:13:48	1	70.209	-12.985	54.172	79.767
6/29/2008 18:16:47	2	70.197	-12.972	73.208	-29.101
6/29/2008 18:53:47	1	70.204	-12.966	72.457	-25.759
6/29/2008 19:15:17	0	70.243	-13.01	53.146	100.326
6/29/2008 19:56:45	2	70.212	-12.93	65.932	10.252
6/29/2008 20:33:43	1	70.214	-12.912	65.466	14.413
6/29/2008 21:37:12	3	70.224	-12.873	59.269	50.021
6/29/2008 22:11:42	2	70.224	-12.859	58.916	54.902
6/29/2008 23:20:10	0	70.235	-12.859	53.867	89.105
6/29/2008 23:27:41	2	70.231	-12.829	57.917	-82.719
6/29/2008 23:53:40	0	70.24	-12.817	53.667	94.948
6/30/2008 1:08:11	0	70.233	-12.796	64.727	-43.023
6/30/2008 2:08:09	0	70.237	-12.694	56.234	-98.658
6/30/2008 2:52:08	1	70.242	-12.685	58.239	-79.267
6/30/2008 2:52:38	1	70.241	-12.694	71.741	-4.845
6/30/2008 3:49:38	2	70.235	-12.687	62.222	-58.96
6/30/2008 4:33:07	1	70.23	-12.649	65.059	-40.158
6/30/2008 4:34:07	3	70.228	-12.668	79.274	35.019
6/30/2008 5:30:35	1	70.226	-12.64	68.907	-19.798
6/30/2008 6:11:35	B	70.218	-12.599	54.348	-109.995
6/30/2008 6:13:05	2	70.224	-12.609	87.044	86.48
6/30/2008 6:15:35	2	70.223	-12.608	72.266	-2.284
6/30/2008 6:45:03	A	70.221	-12.536	55.737	-103.156
6/30/2008 7:12:04	3	70.223	-12.574	76.062	19.71
6/30/2008 7:53:31	3	70.221	-12.548	84.714	-91.274
6/30/2008 7:54:31	2	70.222	-12.546	60.197	-69.645
6/30/2008 7:57:31	2	70.222	-12.551	79.927	35.266
6/30/2008 8:28:01	2	70.224	-12.527	61.355	-63.904
6/30/2008 8:51:01	3	70.221	-12.52	83.513	64.145
6/30/2008 9:33:59	3	70.224	-12.495	76.955	-47.44
6/30/2008 9:35:29	3	70.224	-12.488	66.937	-30.335
6/30/2008 9:37:29	2	70.221	-12.495	87.843	85.917
6/30/2008 10:08:58	1	70.223	-12.482	67.956	-24.666
6/30/2008 10:30:27	2	70.223	-12.469	87.735	-145.346
6/30/2008 11:15:25	1	70.222	-12.447	69.436	-8.395
6/30/2008 11:16:54	2	70.223	-12.455	74.161	8.766
6/30/2008 11:17:55	3	70.22	-12.452	84.007	-81.716
6/30/2008 11:50:24	3	70.223	-12.432	75.138	14.869
6/30/2008 12:10:53	2	70.223	-12.426	80.752	-71.766
6/30/2008 12:56:52	2	70.227	-12.402	81.63	49.496
6/30/2008 12:57:23	1	70.229	-12.419	62.471	30.418
6/30/2008 12:58:23	2	70.226	-12.4	76.146	-42.015
6/30/2008 13:29:24	3	70.228	-12.394	82.594	57.595
6/30/2008 13:48:53	3	70.229	-12.391	73.247	-29.113
6/30/2008 14:36:24	3	70.23	-12.368	88.558	148.122
6/30/2008 14:36:54	2	70.233	-12.373	55.991	71.04
6/30/2008 14:41:23	0	70.235	-12.402	68.649	-4.105
6/30/2008 15:10:53	2	70.237	-12.38	87.93	178.918
6/30/2008 15:31:22	1	70.236	-12.405	66.331	9.891
6/30/2008 16:15:49	2	70.233	-12.338	82.482	-79.282
6/30/2008 16:18:49	2	70.233	-12.341	61.467	35.428
6/30/2008 16:48:19	3	70.237	-12.333	81.582	-76.219
6/30/2008 17:09:19	2	70.235	-12.327	59.664	50.33
6/30/2008 17:55:19	2	70.241	-12.326	74.974	-37.889
6/30/2008 18:00:19	1	70.252	-12.296	55.409	75.163
6/30/2008 18:28:49	2	70.241	-12.301	74.201	-34.163
6/30/2008 18:50:18	0	70.242	-12.291	54.417	90.448
6/30/2008 19:36:17	1	70.249	-12.288	67.597	2.06
6/30/2008 20:10:17	1	70.25	-12.297	67.214	5.035
6/30/2008 21:16:46	2	70.251	-12.254	60.83	41.221
6/30/2008 21:49:17	2	70.256	-12.253	60.469	45.056
6/30/2008 22:56:16	1	70.249	-12.228	55.358	81.487
6/30/2008 23:15:46	A	70.261	-12.262	57.493	-86.715
6/30/2008 23:30:14	1	70.266	-12.221	54.88	85.17
7/1/2008 0:58:48	2	70.269	-12.203	63.737	-47.888
7/1/2008 2:39:44	0	70.278	-12.14	57.438	-84.104
7/1/2008 2:40:43	1	70.28	-12.144	70.856	-9.188
7/1/2008 3:25:43	1	70.27	-12.188	60.618	-68.726
7/1/2008 4:21:42	1	70.278	-12.13	64.087	-45.149
7/1/2008 4:22:11	3	70.28	-12.143	78.377	30.061
7/1/2008 5:05:10	1	70.278	-12.177	67.288	-29.143
7/1/2008 6:02:39	2	70.285	-12.112	86.095	75.897
7/1/2008 6:03:10	0	70.282	-12.134	71.371	-6.522
7/1/2008 6:21:10	B	70.311	-12.176		
7/1/2008 6:21:10	B	70.311	-12.182		
7/1/2008 6:21:10	B	70.311	-12.176	53.869	-114.306
7/1/2008 6:21:10	B	70.311	-12.182	53.87	-114.303
7/1/2008 6:48:39	2	70.288	-12.104	74.219	9.701
7/1/2008 7:33:10	3	70.29	-12.088	58.888	-78.063
7/1/2008 7:43:39	2	70.289	-12.089	85.717	-97.196
7/1/2008 7:46:09	3	70.287	-12.08	78.873	30.807
7/1/2008 8:03:39	1	70.295	-12.077	59.934	-73.257
7/1/2008 8:27:39	2	70.292	-12.067	81.599	51.784
7/1/2008 9:13:38	0	70.296	-12.053	65.587	-38.364
7/1/2008 9:23:38	2	70.292	-12.063	77.95	-51.712
7/1/2008 9:27:38	3	70.292	-12.061	86.649	75.841
7/1/2008 9:45:38	3	70.292	-12.057	66.365	-34.255
7/1/2008 10:07:08	3	70.291	-12.055	88.198	147.953
7/1/2008 10:54:38	2	70.29	-12.051	72.596	0.335
7/1/2008 11:06:07	2	70.292	-12.041	85.091	-86.239
7/1/2008 11:26:37	2	70.291	-12.046	73.401	5.162
7/1/2008 11:46:07	2	70.29	-12.041	82.592	-81.647
7/1/2008 12:34:37	2	70.29	-12.051	80.101	40.676
7/1/2008 12:45:37	2	70.292	-12.054	77.163	-46.336
7/1/2008 12:47:07	1	70.289	-12.053	63.411	26.037
7/1/2008 13:08:36	3	70.288	-12.043	80.581	47.917
7/1/2008 13:26:07	2	70.288	-12.068	75.171	-38.802
7/1/2008 14:16:04	2	70.284	-12.059	87.417	99.172
7/1/2008 14:27:34	1	70.289	-12.062	56.842	66.179
7/1/2008 14:30:04	0	70.22	-11.619	69.669	-8.753
7/1/2008 14:46:03	2	70.285	-12.066	87.772	123.232
7/1/2008 15:07:34	0	70.277	-11.994	68.114	0.309
7/1/2008 15:55:02	2	70.279	-12.072	84.164	-89.096
7/1/2008 16:08:33	2	70.276	-12.06	62.333	30.282
7/1/2008 16:25:32	2	70.276	-12.066	83.421	-88.147
7/1/2008 16:46:32	2	70.274	-12.062	61.219	40.374
7/1/2008 17:35:02	2	70.274	-12.074	76.543	-45.471
7/1/2008 17:49:32	2	70.274	-12.09	55.872	70.007
7/1/2008 18:05:02	2	70.273	-12.085	75.952	-43.35
7/1/2008 18:28:02	0	70.265	-12.047	55.502	79.822
7/1/2008 19:16:03	1	70.269	-12.078	69.249	-6.54
7/1/2008 19:46:03	1	70.267	-12.091	68.8	-3.863
7/1/2008 20:56:03	2	70.268	-12.111	62.235	33.016
7/1/2008 21:26:03	3	70.268	-12.124	61.992	35.777
7/1/2008 22:36:34	1	70.263	-12.114	56.168	72.802
7/1/2008 23:05:04	B	70.262	-12.133	56.186	-92.471
7/1/2008 23:06:35	1	70.271	-12.138	55.986	76.005
7/2/2008 0:20:39	B	70.282	-12.123	51.443	113.133
7/2/2008 0:48:09	2	70.267	-12.152	63.019	-51.893
7/2/2008 1:19:06	0	70.254	-12.205	53.777	-117.959
7/2/2008 2:27:06	A	70.269	-12.181	56.791	-88.612
7/2/2008 3:01:05	2	70.266	-12.191	59.137	-78.171
7/2/2008 4:09:04	1	70.268	-12.197	63.291	-49.637
7/2/2008 4:11:34	3	70.27	-12.188	77.613	26
7/2/2008 4:41:34	2	70.267	-12.2	65.537	-38.831
7/2/2008 5:52:33	3	70.267	-12.209	85.323	70.115
7/2/2008 6:24:32	1	70.266	-12.201	72.519	0.313
7/2/2008 7:10:58	A	70.262	-12.231	57.873	-85.534
7/2/2008 7:32:57	2	70.267	-12.223	86.441	-104.492
7/2/2008 7:33:57	2	70.266	-12.222	77.981	26.157
7/2/2008 7:41:27	1	70.271	-12.203	58.528	-82.645
7/2/2008 8:03:28	3	70.267	-12.22	79.905	40.867
7/2/2008 8:52:58	2	70.266	-12.23	64.094	-46.57
7/2/2008 9:12:59	2	70.266	-12.228	78.642	-55.791
7/2/2008 9:14:28	3	70.267	-12.224	85.886	67.232
7/2/2008 9:21:28	2	70.266	-12.225	64.848	-43.019
7/2/2008 9:42:59	3	70.27	-12.229	87.138	103.177
7/2/2008 10:34:58	1	70.271	-12.227	71.098	-7.788
7/2/2008 10:54:59	2	70.271	-12.236	86.017	-92.364
7/2/2008 11:03:29	2	70.271	-12.229	71.749	-3.99
7/2/2008 11:21:29	3	70.273	-12.235	84.228	-94.329
7/2/2008 12:16:29	3	70.276	-12.24	78.436	31.863
7/2/2008 12:33:59	2	70.278	-12.245	77.981	-50.669
7/2/2008 12:35:59	1	70.275	-12.233	64.026	22.133
7/2/2008 12:43:59	3	70.276	-12.244	79.065	36.487
7/2/2008 13:01:29	2	70.277	-12.241	76.845	-48.462
7/2/2008 13:54:58	3	70.281	-12.247	86.042	80.954
7/2/2008 14:16:29	2	70.282	-12.257		
7/2/2008 14:16:29	2	70.28	-12.254		
7/2/2008 14:16:29	2	70.282	-12.257	57.28	62.528
7/2/2008 14:16:29	2	70.28	-12.254	57.175	62.977
7/2/2008 14:23:28	2	70.282	-12.251	86.392	92.335
7/2/2008 14:42:28	1	70.29	-12.291	69.592	-8.424
7/2/2008 15:34:29	3	70.285	-12.254	85.629	-100.953
7/2/2008 15:56:59	2	70.289	-12.297	63.223	25.512
7/2/2008 15:58:29	A	70.279	-12.242	52.424	102.809
7/2/2008 16:02:30	2	70.286	-12.261	85.062	-101.679
7/2/2008 16:21:59	3	70.286	-12.268	62.74	31.107
7/2/2008 17:14:00	3	70.287	-12.26	78.054	-53.879
7/2/2008 17:36:29	2	70.286	-12.264	56.764	65.779
7/2/2008 17:42:30	2	70.288	-12.272	77.606	-52.534
7/2/2008 18:02:31	1	70.289	-12.264	56.663	71.127
7/2/2008 18:53:01	1	70.294	-12.291	70.642	-14.21
7/2/2008 19:20:32	B	70.298	-12.246	51.54	105.427
7/2/2008 19:45:02	B	70.28	-12.316	52.146	111.255
7/2/2008 20:37:03	1	70.294	-12.312	63.821	24.368
7/2/2008 21:03:32	2	70.298	-12.289	63.562	26.479
7/2/2008 22:14:31	2	70.296	-12.279	57.463	64.978
7/2/2008 22:42:02	1	70.301	-12.265	57.341	67.141
7/2/2008 22:55:02	1	70.306	-12.212	56.21	-95.29
7/2/2008 23:58:02	A	70.279	-12.142	52.379	104.535
7/3/2008 0:24:09	B	70.308	-12.253	52.632	107.037
7/3/2008 0:37:09	2	70.308	-12.249	62.402	-55.908
7/3/2008 2:16:08	B	70.33	-12.302	55.832	-94.726
7/3/2008 2:19:08	1	70.312	-12.266	69.437	-16.872
7/3/2008 3:58:07	3	70.318	-12.251	62.363	-54.523
7/3/2008 4:01:07	3	70.321	-12.246	76.856	21.739
7/3/2008 4:18:06	2	70.319	-12.245	63.884	-48.578
7/3/2008 5:40:35	1	70.327	-12.19	69.406	-16.742
7/3/2008 5:42:05	2	70.321	-12.242	84.553	64.301
7/3/2008 5:43:35	2	70.328	-12.246	84.408	66.513
7/3/2008 6:50:04	0	70.313	-12.286	56.674	-93.763
7/3/2008 7:17:04	1	70.322	-12.209	57.245	-91.665
7/3/2008 7:22:03	3	70.32	-12.226	87.2	-111.872
7/3/2008 7:22:33	3	70.32	-12.225	87.241	-111.874
7/3/2008 7:23:03	3	70.321	-12.222	77.05	21.518
7/3/2008 7:40:33	2	70.32	-12.223	78.083	30.764
7/3/2008 8:32:31	3	70.324	-12.209	62.736	-54.718
7/3/2008 8:59:02	2	70.32	-12.203	63.376	-52.218
7/3/2008 9:02:02	3	70.321	-12.203	85.005	61.261
7/3/2008 9:19:32	3	70.321	-12.201	85.511	80.239
7/3/2008 10:11:32	A	70.329	-12.136	69.727	-15.464
7/3/2008 10:38:02	0	70.267	-12.514	70.267	-12.514
7/3/2008 10:42:31	2	70.327	-12.17	86.921	-98.158
7/3/2008 10:45:32	0	70.333	-12.189	72.192	-22.392
7/3/2008 10:58:02	2	70.325	-12.166	86.022	-110.006
7/3/2008 11:54:03	2	70.333	-12.155	76.976	23.323
7/3/2008 12:21:03	3	70.335	-12.153	77.369	26.66
7/3/2008 12:23:32	3	70.333	-12.161	79.05	-55.221
7/3/2008 12:25:02	1	70.333	-12.163	64.776	18.219
7/3/2008 12:37:03	2	70.335	-12.164	78.624	-57.954
7/3/2008 13:35:32	2	70.339	-12.154	84.4	68.169
7/3/2008 14:00:01	3	70.341	-12.146	84.801	73.884
7/3/2008 14:06:01	0	70.358	-12.212		
7/3/2008 14:06:01	2	70.339	-12.149		
7/3/2008 14:06:01	0	70.358	-12.212	68.175	-5.791
7/3/2008 14:06:01	2	70.339	-12.149	58.08	58.178
7/3/2008 14:18:01	1	70.34	-12.139	71.342	-17.571
7/3/2008 15:15:00	2	70.342	-12.13	87.227	-122.509
7/3/2008 15:39:30	2	70.342	-12.117	86.735	-120.186
7/3/2008 15:46:30	2	70.346	-12.161	64.146	20.851
7/3/2008 15:59:31	1	70.343	-12.124	64.517	21.217
7/3/2008 16:53:01	3	70.344	-12.108	79.665	-62.163
7/3/2008 17:18:31	2	70.343	-12.103	79.382	-61.995
7/3/2008 17:26:01	2	70.344	-12.102	57.259	60.694
7/3/2008 17:39:30	2	70.345	-12.093	58.062	61.142
7/3/2008 18:35:01	2	70.344	-12.076	72.364	-22.972
7/3/2008 19:00:01	0	70.323	-12	72.206	-22.599
7/3/2008 19:20:30	B	70.336	-12.095	53.197	101.597
7/3/2008 20:13:58	3	70.343	-12.045	65.181	16.597
7/3/2008 20:41:27	0	70.348	-12.034	65.313	17.088
7/3/2008 21:53:59	1	70.345	-12.02	58.667	56.507
7/3/2008 22:19:29	2	70.347	-12.021	58.694	57.474
7/3/2008 23:36:58	0	70.347	-12.019	53.282	96.078
7/4/2008 0:00:31	A	70.376	-12.022		
7/4/2008 0:00:31	0	70.345	-11.99		
7/4/2008 0:00:31	A	70.376	-12.022	53.663	97.687
7/4/2008 0:00:31	0	70.345	-11.99	53.723	97.768
7/4/2008 0:26:00	A	70.345	-12.162	61.121	-61.228
7/4/2008 2:07:29	0	70.334	-11.977	68.717	-20.746
7/4/2008 2:11:59	A	70.348	-11.81	56.457	-97.233
7/4/2008 3:46:29	2	70.341	-11.93	61.515	-59.405
7/4/2008 3:51:29	1	70.335	-11.942	75.968	15.9
7/4/2008 3:52:58	2	70.338	-11.954	62.49	-57.526
7/4/2008 5:29:24	1	70.337	-11.927	68.279	-21.752
7/4/2008 5:31:55	3	70.341	-11.916	83.627	58.781
7/4/2008 5:33:26	0	70.349	-11.845	69.216	-18.253
7/4/2008 6:28:55	A	70.342	-11.994	55.568	-102.14
7/4/2008 6:53:25	1	70.335	-11.937	55.964	-101.003
7/4/2008 7:10:55	3	70.339	-11.904	76.082	16.73
7/4/2008 7:11:55	2	70.337	-11.904	88.062	-125.704
7/4/2008 7:15:55	2	70.338	-11.902	76.309	20.344
7/4/2008 8:12:23	3	70.338	-11.89	61.312	-63.399
7/4/2008 8:34:22	1	70.332	-11.907	61.851	-61.303
7/4/2008 8:50:53	2	70.333	-11.892	83.925	56.049
7/4/2008 8:52:53	3	70.333	-11.892	80.43	-64.443
7/4/2008 8:55:23	2	70.333	-11.895	83.709	65.554
7/4/2008 9:52:22	2	70.333	-11.876	68.124	-23.928
7/4/2008 10:16:53	2	70.33	-11.895	68.395	-22.418
7/4/2008 10:31:53	2	70.331	-11.871	88.033	-109.006
7/4/2008 10:32:53	1	70.332	-11.876	72.747	-24.205
7/4/2008 10:34:53	2	70.332	-11.88	87.676	-139.526
7/4/2008 11:33:22	2	70.33	-11.871	75.352	15.013
7/4/2008 11:57:23	2	70.327	-11.868	75.597	16.547
7/4/2008 12:10:53	3	70.329	-11.863	80.05	-59.527
7/4/2008 12:14:52	3	70.329	-11.861	80.589	-69.011
7/4/2008 12:15:22	2	70.333	-11.89	65.6	13.915
7/4/2008 13:12:52	3	70.33	-11.858	82.83	55.961
7/4/2008 13:37:21	3	70.329	-11.846	82.976	60.563
7/4/2008 13:52:21	1	70.328	-11.84	72.312	-21.731
7/4/2008 13:55:21	1	70.328	-11.848	58.832	53.79
7/4/2008 13:55:52	0	70.344	-11.886	73.242	-28.094
7/4/2008 14:53:51	2	70.329	-11.841	88.469	-160.104
7/4/2008 15:16:51	3	70.33	-11.84	88.077	-160.33
7/4/2008 15:33:51	0	70.335	-11.871	65.073	16.102
7/4/2008 15:35:20	2	70.333	-11.848	66.106	11.892
7/4/2008 15:36:51	A	70.347	-11.848	53.414	94.287
7/4/2008 16:33:20	3	70.332	-11.825	81.372	-71.443
7/4/2008 16:55:21	3	70.331	-11.827	81.193	-72.81
7/4/2008 17:14:20	1	70.334	-11.829	58.091	55.764
7/4/2008 17:14:50	2	70.334	-11.82	59.537	51.702
7/4/2008 18:13:22	2	70.333	-11.814	73.862	-30.64
7/4/2008 18:37:50	1	70.331	-11.809	73.931	-32.006
7/4/2008 18:55:22	B	70.338	-11.812	52.735	95.733
7/4/2008 18:56:21	1	70.336	-11.826	54.1	91.576
7/4/2008 19:53:22	2	70.334	-11.815	66.577	8.621
7/4/2008 20:17:22	1	70.336	-11.814	66.862	7.944
7/4/2008 21:34:24	2	70.334	-11.816	59.986	47.689
7/4/2008 21:56:23	2	70.332	-11.808	60.145	48.053
7/4/2008 23:14:54	1	70.325	-11.788	54.401	88.01
7/4/2008 23:37:24	0	70.335	-11.8	54.726	88.104
7/5/2008 0:15:57	2	70.332	-11.807	60.908	-64.237
7/5/2008 1:46:57	B	70.323	-11.777	54.621	-108.067
7/5/2008 1:51:27	A	70.339	-11.99	54.735	-102.917
7/5/2008 1:56:57	0	70.329	-11.792	67.912	-24.912
7/5/2008 3:29:25	0	70.327	-11.81	60.905	-67.054
7/5/2008 3:34:26	1	70.328	-11.796	60.746	-63.901
7/5/2008 3:39:56	2	70.328	-11.789	75.155	13.22
7/5/2008 5:10:54	2	70.329	-11.764	67.4	-28.165
7/5/2008 5:14:23	0	70.334	-11.619	67.76	-25.166
7/5/2008 5:21:54	3	70.325	-11.78	82.761	53.9
7/5/2008 6:07:23	B	70.326	-11.77	53.872	-112.04
7/5/2008 6:51:53	2	70.317	-11.789	74.461	11.109
7/5/2008 7:00:24	2	70.315	-11.785	75.088	12.541
7/5/2008 7:01:24	2	70.318	-11.767	88.694	-152.023
7/5/2008 7:50:22	1	70.315	-11.763	59.969	-71.225
7/5/2008 8:12:21	A	70.312	-11.784	60.226	-71.266
7/5/2008 8:32:22	3	70.312	-11.769	81.839	53.217
7/5/2008 8:39:51	3	70.311	-11.765	82.887	50.989
7/5/2008 8:42:21	2	70.313	-11.767	81.338	-69.193
7/5/2008 9:32:50	B	70.307	-11.776	66.667	-32.197
7/5/2008 9:51:18	1	70.308	-11.744	66.93	-30.983
7/5/2008 10:10:48	3	70.308	-11.757	88.349	160.53
7/5/2008 10:19:48	3	70.306	-11.756	88.925	-127.375
7/5/2008 10:22:48	2	70.305	-11.755	73.603	-28.991
7/5/2008 11:13:18	2	70.302	-11.762	73.718	6.759
7/5/2008 11:34:48	3	70.303	-11.755	73.838	7.799
7/5/2008 11:50:18	2	70.299	-11.756	82.344	-79.57
7/5/2008 11:58:47	3	70.299	-11.758	80.96	-64.241
7/5/2008 12:03:17	2	70.3	-11.768	66.128	10.218
7/5/2008 12:53:16	2	70.296	-11.762	81.201	47.093
7/5/2008 13:13:47	2	70.294	-11.762	81.255	49.764
7/5/2008 13:30:16	2	70.291	-11.754	74.893	-37.017
7/5/2008 13:40:47	1	70.295	-11.769	73.245	-26.225
7/5/2008 13:44:46	3	70.293	-11.757	59.454	49.61
7/5/2008 14:32:14	2	70.289	-11.759	88.333	134.066
7/5/2008 14:53:43	2	70.288	-11.776	88.025	135.392
7/5/2008 15:11:44	0	70.286	-11.799	67.848	2.04
7/5/2008 15:21:44	2	70.284	-11.775	65.847	11.531
7/5/2008 15:26:44	1	70.286	-11.762	53.873	89.764
7/5/2008 16:11:14	2	70.281	-11.761	82.839	-81.548
7/5/2008 16:33:13	1	70.273	-11.766	82.984	-84.743
7/5/2008 16:50:13	2	70.271	-11.763	60.92	42.029
7/5/2008 17:01:43	2	70.268	-11.762	58.821	51.196
7/5/2008 17:52:41	2	70.266	-11.763	75.37	-38.873
7/5/2008 18:13:12	2	70.262	-11.767	75.563	-41.085
7/5/2008 18:31:41	1	70.252	-11.751	55.283	81.916
7/5/2008 18:44:10	0	70.262	-11.768	53.173	90.783
7/5/2008 19:32:40	2	70.246	-11.735	67.942	0.446
7/5/2008 19:54:10	1	70.247	-11.767	68.437	-1.464
7/5/2008 21:13:10	1	70.233	-11.746	61.184	39.586
7/5/2008 21:32:40	2	70.232	-11.73	61.545	38.679
7/5/2008 22:21:41	B	70.219	-11.725		
7/5/2008 22:21:41	B	70.217	-11.7		
7/5/2008 22:21:41	B	70.219	-11.725	53.55	-109.319
7/5/2008 22:21:41	B	70.217	-11.7	53.544	-109.331
7/5/2008 22:53:41	1	70.213	-11.71	55.291	79.576
7/5/2008 23:13:11	2	70.221	-11.715	55.722	78.949
7/6/2008 0:06:43	1	70.217	-11.684	60.088	-68.487
7/6/2008 1:47:42	1	70.198	-11.675	66.932	-29.005
7/6/2008 3:06:10	2	70.193	-11.667	59.159	-76.894
7/6/2008 3:23:10	1	70.189	-11.665	59.769	-68.601
7/6/2008 3:31:09	2	70.193	-11.656	74.237	9.723
7/6/2008 4:45:09	1	70.179	-11.644	65.762	-36.851
7/6/2008 5:02:09	0	70.175	-11.373	66.746	-29.516
7/6/2008 5:11:38	2	70.175	-11.657	81.865	50.194
7/6/2008 5:12:38	2	70.177	-11.658	81.785	51.131
7/6/2008 6:06:38	A	70.157	-11.659	53.437	-119.878
7/6/2008 6:29:37	2	70.165	-11.656	72.639	1.894
7/6/2008 6:47:06	2	70.161	-11.658	74.109	8.341
7/6/2008 6:50:36	3	70.162	-11.654	88.89	166.902
7/6/2008 7:29:37	1	70.157	-11.634	58.528	-79.361
7/6/2008 7:49:37	0	70.153	-11.64	58.678	-80.076
7/6/2008 8:08:06	3	70.146	-11.655	79.991	43.156
7/6/2008 8:27:36	2	70.145	-11.652	81.906	47.27
7/6/2008 8:31:36	3	70.145	-11.65	82.048	-74.329
7/6/2008 9:10:05	1	70.137	-11.666	65.167	-39.554
7/6/2008 9:28:35	2	70.135	-11.644	65.151	-40.017
7/6/2008 9:47:04	2	70.131	-11.646	87.384	109.234
7/6/2008 10:07:35	3	70.129	-11.642	89.342	164.55
7/6/2008 10:12:04	3	70.129	-11.648	74.313	-33.53
7/6/2008 10:51:03	2	70.118	-11.644	72.146	-0.74
7/6/2008 11:11:33	1	70.12	-11.632	72.071	-1.077
7/6/2008 11:26:03	2	70.114	-11.632	84.023	-93.768
7/6/2008 11:48:03	3	70.114	-11.633	81.954	-70.681
7/6/2008 11:53:33	1	70.109	-11.623	66.939	5.251
7/6/2008 12:33:02	3	70.105	-11.62	79.52	39.452
7/6/2008 12:51:31	3	70.104	-11.62	79.359	40.077
7/6/2008 13:06:01	2	70.105	-11.616	76.601	-47.394
7/6/2008 13:27:30	3	70.102	-11.609	74.08	-31.774
7/6/2008 13:35:00	2	70.1	-11.608	59.988	44.913
7/6/2008 14:12:30	3	70.096	-11.604	87.022	96.351
7/6/2008 14:30:00	2	70.095	-11.603	86.702	100.538
7/6/2008 14:48:00	0	70.092	-11.593	69.437	-7.903
7/6/2008 15:10:59	2	70.093	-11.632	66.666	6.38
7/6/2008 15:16:29	2	70.091	-11.589	54.041	85.24
7/6/2008 15:51:58	3	70.085	-11.59	84.501	-94.056
7/6/2008 16:09:58	3	70.085	-11.589	84.641	-99.734
7/6/2008 16:26:57	3	70.082	-11.582	62.464	32.098
7/6/2008 16:49:57	1	70.078	-11.579	59.547	45.946
7/6/2008 17:31:58	2	70.077	-11.586	76.904	-48.173
7/6/2008 17:48:59	3	70.076	-11.588	77.147	-50.658
7/6/2008 18:07:00	2	70.069	-11.573	56.346	72.292
7/6/2008 18:32:01	1	70.072	-11.565	53.587	85.873
7/6/2008 19:13:30	0	70.073	-11.634	69.512	-8.538
7/6/2008 20:53:59	1	70.05	-11.588	62.623	30.43
7/6/2008 21:09:59	1	70.047	-11.593	63.016	28.857
7/6/2008 22:32:28	2	70.03	-11.586	56.237	71.211
7/6/2008 22:50:59	2	70.03	-11.585	56.718	68.97
7/6/2008 23:55:00	1	70.02	-11.573	59.285	-72.188
7/7/2008 1:27:31	B	69.997	-11.56	52.638	-113.753
7/7/2008 1:38:31	3	70.004	-11.565	65.988	-33.218
7/7/2008 2:41:31	1	70	-11.571	57.652	-85.838
7/7/2008 3:10:30	2	69.997	-11.553	58.826	-72.885
7/7/2008 3:19:01	3	69.996	-11.557	73.355	5.969
7/7/2008 3:20:01	3	69.997	-11.557	73.349	6.082
7/7/2008 4:24:30	3	69.996	-11.54	63.923	-46.668
7/7/2008 4:51:30	0	69.993	-11.532	65.791	-33.726
7/7/2008 5:00:30	3	69.991	-11.55	80.982	46.517
7/7/2008 6:02:58	1	69.983	-11.573	70.975	-6.168
7/7/2008 6:31:58	0	69.992	-11.527	73.251	5.183
7/7/2008 6:40:57	2	69.987	-11.545	88.36	127.526
7/7/2008 7:08:28	1	69.982	-11.546	57.115	-87.377
7/7/2008 7:25:57	1	69.984	-11.536	57.115	-89.238
7/7/2008 7:44:27	3	69.981	-11.545	78.106	33.64
7/7/2008 8:17:27	3	69.98	-11.541	80.8	43.91
7/7/2008 8:21:29	3	69.978	-11.54	82.88	-80.446
7/7/2008 8:49:27	3	69.975	-11.546	63.498	-47.757
7/7/2008 9:05:27	3	69.975	-11.548	63.437	-48.928
7/7/2008 9:23:27	3	69.974	-11.54	85.526	86.226
7/7/2008 9:57:27	2	69.972	-11.542	88.461	115.986
7/7/2008 10:01:27	3	69.971	-11.544	75.055	-38.175
7/7/2008 10:48:57	B	69.956	-11.58	70.325	-9.511
7/7/2008 11:02:58	3	69.966	-11.544	85.731	-112.336
7/7/2008 11:35:58	3	69.963	-11.545	82.849	-76.249
7/7/2008 11:41:57	2	69.962	-11.55	67.552	1.215
7/7/2008 12:10:59	3	69.961	-11.548	77.963	31.553
7/7/2008 12:28:27	3	69.958	-11.553	77.564	30.836
7/7/2008 12:42:27	2	69.959	-11.552	78.343	-57.908
7/7/2008 13:16:57	3	69.955	-11.551	74.975	-36.81
7/7/2008 13:23:57	2	69.953	-11.544	60.544	40.742
7/7/2008 13:51:28	3	69.951	-11.545	85.488	81.374
7/7/2008 14:07:28	3	69.95	-11.543	85.001	80.998
7/7/2008 14:24:28	0	69.947	-11.536	-35.091	-62.194
7/7/2008 14:58:59	1	69.947	-11.528	67.478	1.402
7/7/2008 15:04:58	2	69.949	-11.531	54.541	81.154
7/7/2008 15:31:58	2	69.945	-11.533	86.009	-110.918
7/7/2008 15:47:28	3	69.946	-11.53	86.228	-120.08
7/7/2008 16:02:29	2	69.945	-11.526	63.909	22.596
7/7/2008 16:37:59	3	69.941	-11.522	60.215	41.145
7/7/2008 17:10:59	3	69.941	-11.515	78.424	-57.235
7/7/2008 17:26:30	2	69.943	-11.513	78.89	-61.246
7/7/2008 17:43:00	2	69.94	-11.515	57.554	62.441
7/7/2008 18:20:02	2	69.944	-11.507	54.025	80.952
7/7/2008 18:49:01	2	69.938	-11.493	70.909	-16.763
7/7/2008 19:06:31	1	69.941	-11.494	71.504	-19.867
7/7/2008 19:24:31	1	69.946	-11.502	52.589	102.793
7/7/2008 20:30:01	3	69.942	-11.481	63.896	22.708
7/7/2008 20:47:01	2	69.941	-11.477	64.473	19.537
7/7/2008 22:12:03	2	69.939	-11.462	57.356	62.46
7/7/2008 22:26:33	3	69.945	-11.46	58.034	59.817
7/7/2008 23:45:05	2	69.942	-11.444	58.455	-76.715
7/7/2008 23:55:06	A	69.947	-11.45	52.208	102.107
7/8/2008 0:07:38	A	69.872	-11.385	53.104	100.202
7/8/2008 1:25:39	2	69.939	-11.445	65.349	-36.585
7/8/2008 2:17:39	0	69.938	-11.451	56.185	-95.592
7/8/2008 2:59:09	1	69.945	-11.418	57.888	-77.829
7/8/2008 3:10:39	1	69.938	-11.43	72.446	1.563
7/8/2008 3:58:09	2	69.942	-11.404	62.259	-55.634
7/8/2008 4:40:39	3	69.941	-11.412	64.814	-38.422
7/8/2008 4:49:39	3	69.943	-11.397	80.139	42.062
7/8/2008 5:39:10	1	69.94	-11.406	69.03	-16.321
7/8/2008 6:23:40	2	69.941	-11.38	72.105	-0.541
7/8/2008 6:30:39	3	69.942	-11.373	87.719	106.171
7/8/2008 6:47:10	1	69.947	-11.344	55.892	-95.563
7/8/2008 7:01:10	A	69.946	-11.366	55.907	-97.945
7/8/2008 7:20:09	2	69.943	-11.359	76.289	23.56
7/8/2008 8:04:10	3	69.943	-11.338	79.867	38.505
7/8/2008 8:10:41	3	69.944	-11.334	83.68	-85.807
7/8/2008 8:30:12	3	69.943	-11.333	62.047	-56.216
7/8/2008 8:41:40	0	69.945	-11.306	61.997	-57.882
7/8/2008 9:00:12	3	69.946	-11.317	83.671	69.622
7/8/2008 9:44:12	3	69.945	-11.301	87.794	91.394
7/8/2008 9:51:11	2	69.946	-11.303	75.92	-42.54
7/8/2008 10:10:11	1	69.947	-11.285	68.949	-16.723
7/8/2008 10:21:11	0	69.963	-11.118	68.675	-18.451
7/8/2008 10:39:12	2	69.947	-11.286	87.291	-139.664
7/8/2008 11:24:13	2	69.95	-11.281	83.87	-82.262
7/8/2008 11:34:43	0	69.953	-11.315	68.53	-3.584
7/8/2008 11:49:42	3	69.95	-11.27	76.363	23.236
7/8/2008 12:05:12	3	69.95	-11.274	75.737	20.906
7/8/2008 12:17:42	3	69.95	-11.267	80.138	-68.563
7/8/2008 13:05:13	3	69.952	-11.269	76.008	-41.564
7/8/2008 13:14:43	2	69.952	-11.269	61.446	35.945
7/8/2008 13:31:43	3	69.953	-11.264	83.786	67.721
7/8/2008 13:44:44	2	69.952	-11.263	83.21	66.608
7/8/2008 14:00:14	1	69.927	-11.204	72.89	-27.87
7/8/2008 14:47:44	0	69.95	-11.211	68.449	-3.347
7/8/2008 14:55:14	2	69.956	-11.261	55.072	76.438
7/8/2008 15:11:14	2	69.953	-11.25	87.449	-134.805
7/8/2008 15:23:45	3	69.955	-11.256	87.572	-151.916
7/8/2008 15:39:14	3	69.955	-11.246	65.709	12.703
7/8/2008 16:26:16	3	69.954	-11.243	61.103	36.268
7/8/2008 16:48:47	3	69.957	-11.236	79.977	-66.118
7/8/2008 17:02:47	3	69.953	-11.239	80.668	-71.743
7/8/2008 17:18:17	2	69.957	-11.235	59.076	53.031
7/8/2008 18:07:20	2	69.956	-11.226	54.849	76.266
7/8/2008 18:30:20	2	69.952	-11.216	72.537	-25.073
7/8/2008 18:42:51	2	69.952	-11.228	73.269	-29.54
7/8/2008 19:00:22	1	69.954	-11.222	53.696	92.766
7/8/2008 20:10:52	2	69.949	-11.2	65.372	14.09
7/8/2008 20:23:52	2	69.946	-11.201	66.172	10.07
7/8/2008 21:50:25	2	69.945	-11.189		
7/8/2008 21:50:25	2	69.945	-11.189	58.677	54.309
7/8/2008 22:02:55	3	69.943	-11.185	59.466	50.522
7/8/2008 23:32:28	0	69.937	-11.152	53.33	94.213
7/8/2008 23:33:29	1	69.943	-11.172	57.895	-80.407
7/8/2008 23:44:29	0	69.943	-11.159	54.068	90.607
7/9/2008 1:14:36	1	69.941	-11.122	64.541	-40.833
7/9/2008 1:52:06	A	69.936	-11.115	54.913	-104.817
7/9/2008 2:46:05	2	69.941	-11.08	57.187	-82.248
7/9/2008 2:58:05	1	69.937	-11.107	71.617	-2.419
7/9/2008 3:33:35	3	69.939	-11.098	60.668	-65.141
7/9/2008 4:29:06	1	69.935	-11.092	63.904	-43.174
7/9/2008 4:40:37	3	69.933	-11.088	79.192	38.022
7/9/2008 5:14:37	2	69.933	-11.071	67.289	-25.831
7/9/2008 6:11:36	1	69.924	-11.078	71.112	-4.984
7/9/2008 6:20:37	2	69.925	-11.064	86.844	91.677
7/9/2008 6:37:06	0	69.92	-11.075	54.606	-107.275
7/9/2008 6:57:07	2	69.92	-11.052	74.396	13.761
7/9/2008 6:58:07	2	69.921	-11.052	74.381	14.03
7/9/2008 7:52:39	2	69.913	-11.035	78.789	33.752
7/9/2008 8:00:08	3	69.912	-11.022	84.606	-92.209
7/9/2008 8:06:38	1	69.918	-11.069	60.759	-63.865
7/9/2008 8:19:08	2	69.91	-11.014	60.213	-67.635
7/9/2008 8:36:09	2	69.909	-11.018	81.846	57.201
7/9/2008 9:33:10	2	69.907	-10.985	86.7	81.455
7/9/2008 9:40:10	3	69.903	-10.988	76.82	-47.475
7/9/2008 9:41:41	3	69.903	-10.985	76.858	-47.523
7/9/2008 9:49:10	2	69.904	-10.959	67.211	-25.253
7/9/2008 10:01:40	2	69.902	-10.976	66.886	-28.186
7/9/2008 10:15:40	3	69.9	-10.962	88.013	164.861
7/9/2008 11:12:42	3	69.895	-10.939	84.962	-89.223
7/9/2008 11:23:11	B	69.771	-10.098	68.956	-6.467
7/9/2008 11:24:11	0	69.88	-10.805	69.344	-7.902
7/9/2008 11:32:11	2	69.895	-10.931	74.529	14.231
7/9/2008 11:42:41	2	69.892	-10.933	73.949	11.684
7/9/2008 11:54:43	3	69.891	-10.92	82.077	-80.771
7/9/2008 12:53:14	2	69.888	-10.908	76.973	-46.332
7/9/2008 13:03:45	2	69.886	-10.896	62.21	31.541
7/9/2008 13:10:44	3	69.883	-10.9	82.14	57.012
7/9/2008 13:20:44	3	69.882	-10.896	81.43	55.096
7/9/2008 13:34:14	3	69.882	-10.892	74.614	-37.059
7/9/2008 14:36:15	0	69.844	-10.659	69.352	-8.092
7/9/2008 14:44:46	2	69.879	-10.857	55.747	71.79
7/9/2008 14:49:16	3	69.877	-10.867	88.253	179.315
7/9/2008 15:00:16	3	69.879	-10.869	87.817	151.668
7/9/2008 15:15:46	1	69.877	-10.871	67.496	2.563
7/9/2008 16:14:17	3	69.871	-10.858	61.986	31.274
7/9/2008 16:29:47	2	69.869	-10.862	81.744	-76.353
7/9/2008 16:40:18	2	69.868	-10.851	82.549	-84.071
7/9/2008 16:55:18	3	69.867	-10.855	60.596	42.769
7/9/2008 17:56:51	1	69.866	-10.848	55.412	70.74
7/9/2008 18:10:21	1	69.858	-10.836	74.156	-33.885
7/9/2008 18:20:21	2	69.856	-10.832	75.073	-39.756
7/9/2008 18:34:22	0	69.836	-10.816	55.094	83.34
7/9/2008 19:50:53	2	69.844	-10.808	66.867	5.392
7/9/2008 20:01:54	0	69.847	-10.861	67.919	0.154
7/9/2008 21:31:25	2	69.829	-10.762	60.131	44.767
7/9/2008 21:40:26	3	69.829	-10.761	61.004	40.417
7/9/2008 23:11:28	0	69.803	-10.704	54.244	85.413
7/9/2008 23:20:29	1	69.82	-10.728	55.197	80.972
7/9/2008 23:23:00	A	69.819	-10.595	57.045	-84.696
7/10/2008 1:03:36	0	69.802	-10.656	63.643	-44.867
7/10/2008 1:28:35	B	69.8	-10.684	53.431	-115.855
7/10/2008 2:34:35	0	69.798	-10.664	56.236	-87.087
7/10/2008 2:48:35	1	69.795	-10.67	70.632	-6.225
7/10/2008 3:10:35	2	69.785	-10.674	58.891	-74.95
7/10/2008 4:16:04	A	69.782	-10.877	62.993	-47.446
7/10/2008 4:29:04	2	69.779	-10.678	78.211	33.609
7/10/2008 4:49:34	0	69.775	-10.694	65.569	-34.782
7/10/2008 6:09:35	2	69.762	-10.684	85.966	85.29
7/10/2008 6:13:35	B	69.76	-10.68	53.075	-117.902
7/10/2008 6:33:34	3	69.758	-10.68	72.464	4.307
7/10/2008 7:41:36	3	69.745	-10.696	77.693	29.658
7/10/2008 7:46:36	1	69.743	-10.679	59.078	-72.254
7/10/2008 7:50:07	2	69.745	-10.693	85.433	-101.784
7/10/2008 7:50:36	2	69.745	-10.69	85.464	-101.918
7/10/2008 7:56:36	1	69.745	-10.678	58.635	-76.915
7/10/2008 8:13:05	3	69.738	-10.693	79.847	46.425
7/10/2008 9:22:06	2	69.721	-10.689	85.56	76.371
7/10/2008 9:29:06	3	69.72	-10.684	65.69	-32.972
7/10/2008 9:31:07	3	69.721	-10.693	77.692	-52.676
7/10/2008 9:37:06	2	69.718	-10.686	65.081	-36.95
7/10/2008 9:51:37	3	69.717	-10.695	86.976	116.547
7/10/2008 11:01:06	3	69.702	-10.699	85.908	-98.703
7/10/2008 11:08:36	3	69.698	-10.7	72.954	6.903
7/10/2008 11:10:07	3	69.699	-10.698	72.898	6.663
7/10/2008 11:18:07	2	69.695	-10.697	72.093	2.687
7/10/2008 11:30:36	3	69.696	-10.692	83.796	-95.162
7/10/2008 12:39:36	2	69.68	-10.706	77.808	-51.988
7/10/2008 12:49:37	3	69.679	-10.712	80.466	48.586
7/10/2008 12:54:07	1	69.678	-10.71	62.902	26.805
7/10/2008 12:58:07	3	69.675	-10.713	79.515	44.634
7/10/2008 13:01:37	0	69.687	-10.69	79.37	47.029
7/10/2008 13:10:38	2	69.676	-10.721	76.376	-47.748
7/10/2008 13:12:08	1	69.684	-10.739	76.43	-48.752
7/10/2008 14:29:38	3	69.664	-10.745	87.708	123.586
7/10/2008 14:33:38	2	69.66	-10.737	56.098	67.626
7/10/2008 14:37:38	3	69.661	-10.746	86.645	111.394
7/10/2008 14:52:38	0	69.62	-10.495	69.096	-7.533
7/10/2008 16:03:39	2	69.639	-10.784	62.794	25.685
7/10/2008 16:09:40	2	69.64	-10.782	83.315	-88.733
7/10/2008 16:17:09	3	69.636	-10.788	84.107	-99.239
7/10/2008 16:31:10	3	69.632	-10.785	62.028	32.786
7/10/2008 17:43:42	2	69.617	-10.833	55.941	66.102
7/10/2008 17:49:12	3	69.619	-10.841	75.617	-43.203
7/10/2008 17:56:12	3	69.616	-10.843	76.623	-49.745
7/10/2008 18:11:42	2	69.612	-10.842	55.825	73.045
7/10/2008 19:29:15	3	69.59	-10.891	68.163	-3.116
7/10/2008 19:37:44	0	69.59	-10.917	69.327	-9.421
7/10/2008 21:09:16	3	69.565	-10.936	61.123	36.82
7/10/2008 21:16:16	3	69.563	-10.937	62.248	31.211
7/10/2008 22:50:18	2	69.544	-10.997	54.937	77.096
7/10/2008 22:58:17	2	69.541	-10.99	55.974	71.055
7/10/2008 23:11:48	B	69.535	-11.005	55.586	-89.773
7/11/2008 0:54:54	3	69.509	-11.059	62.633	-48.677
7/11/2008 2:22:25	A	69.502	-10.926	55.353	-91.228
7/11/2008 2:37:54	0	69.482	-11.16	69.866	-9.106
7/11/2008 2:45:23	1	69.486	-11.12	57.376	-83.503
7/11/2008 4:02:54	0	69.472	-11.123	62.046	-51.4
7/11/2008 4:19:24	3	69.475	-11.167	77.442	31.077
7/11/2008 4:25:24	0	69.473	-11.245	63.913	-43.378
7/11/2008 5:48:25	0	69.468	-11.167	68.882	-13.878
7/11/2008 5:59:24	3	69.46	-11.225	85.205	81.253
7/11/2008 6:09:53	1	69.452	-11.246	70.634	-5.065
7/11/2008 7:25:52	3	69.444	-11.271	57.568	-80.007
7/11/2008 7:29:21	3	69.442	-11.273	76.856	26.431
7/11/2008 7:31:21	0	69.441	-11.249	57.192	-84.947
7/11/2008 7:39:21	3	69.445	-11.284	85.908	-110.678
7/11/2008 7:48:51	3	69.442	-11.286	78.142	37.199
7/11/2008 9:08:25	3	69.424	-11.317	64.18	-40.449
7/11/2008 9:09:25	3	69.425	-11.327	84.821	71.565
7/11/2008 9:19:25	3	69.421	-11.329	78.09	-57.056
7/11/2008 9:27:55	2	69.421	-11.332	85.513	94.552
7/11/2008 10:46:26	0	69.392	-11.387	71.544	0.527
7/11/2008 10:48:56	2	69.41	-11.349	86.476	-108.797
7/11/2008 10:54:56	1	69.402	-11.371	70.438	-5.929
7/11/2008 11:00:25	0	69.413	-11.369	70.518	-16.928
7/11/2008 11:07:26	3	69.406	-11.352	85.216	-114.345
